0
0
73
0	1879	-0	5.36	-0	-0	6.38	6.1	0.12	0.04	4.7	0.48	-0	3.6	-1.38778e-17	3.5	0.36	0.46	4.3	-0	-0	2.7	0.48	-0	-0	2.64	-0	1.08	0.96	-0	0.46	6.93889e-17	-0	0.48	3.36	1.92	3.84	-0	0.12	0.36	-0	-0.82	1.2	2.8	-0	5.12	0.42	-0	2.76	8.56	-0	-0	0.4	-0.24	1.76	-0	-0	-0	0.44	-0	-0	77.32	0.08	-0	0.96	0.8	-0	-0	-0	-0	8.46	-0	-0	-0	-0	
1	0	-5.36	-0	45	-4.52	-3.1	1.58	-4.16	-3.96	3.38	-3.54	-5.22	-2.1	-4.14	-4.16	-3.64	-3.76	-3.56	-4.2	-4.28	-4.86	-2.24	-5.04	-4.26	-2.64	-10.14	-4.58	-0.68	-5.18	-5.06	-2.28	-6	-5.2	-1.94	-5.5	-0.32	-5.56	-3.68	-4.24	-5.42	-4.08	-5.02	-0.92	-4.28	1.98	-3.6	-4.6	-4.84	4.32	-3.9	-4.4	-4.78	-5.04	-2.96	-4.44	-4.46	-5.58	-4.32	-4.16	-4	86.06	-3.92	-4.8	-3.12	-0.5	-5.04	-0	-0	-0	-0	-0	-0	-0	-0	
2	808	-0	-45	-0	-53.64	-0	-0	-0	-0	-0	-0	-0	-0	-0	-42.48	-0	-0	-84.24	-42.66	-0	-0	-0	-0	-0	-0	-0	-0	-0	-0	-0	-0	-0	-0	-0	-0	-0	-0	-0	-0	-0	-0	-41.94	-0	-0	-0	-0	-0	-0	-0	-0	-0	-0	-0	-0	-0	-71.82	-0	-0	-0	-0	-0	-0	-0	-3.24	-0	-0	-0	-0	-0	-0	-0	-0	-0	-0	
3	486	-0	4.52	53.64	-0	0.24	6.02	4.78	0.14	7.84	0.72	-0	3.6	8.2	0.56	0.02	1.54	1.06	-0.08	4.9	0.48	1.02	-0	0.6	2.48	-0	1.4	0.5	0.4	0.16	0.14	-0.16	0.06	4.28	0.96	3.84	0.12	1.08	-0	-0.16	-5.54	3.48	4.16	-0.16	14.62	1.04	-0.2	0.5	10.56	-0.44	-0	-0.68	0.48	0.8	-4.9	-0.26	-0	0.2	-0	-0	70.4	0.88	0.04	0.8	2.12	-2.04	-0	-0	-0	-0	-0	-0	-0	-0	
4	693	-6.38	3.1	-0	-0.24	-0	5.7	-0.14	0.48	0.94	-0.52	-0.32	2.64	-0.66	-0.42	-0.6	-0.78	1.16	-2.26	-0.56	-1.06	-3.28	-2.28	-0.26	1.68	-1.48	-0.08	1.16	-0.84	-0.06	4.16334e-17	-1.12	-0.48	2.36	-3.06	3.24	-2.9	-2.2	-1.3	-2.04	-1.48	-0.54	2.38	-0.4	2	-1.94	-0.88	-0.84	6.08	-0.06	-0.36	0.5	-0.48	-1.72	-2.64	-0.24	-0.24	-0.24	-1.2	-2.3	60.04	-0.58	-0.88	0.48	0.36	7.38	-0	-0	-0	-0	-0	92.34	-0	-0	
5	456	-6.1	-1.58	-0	-6.02	-5.7	-0	-6.4	1.4	-3.64	-5.2	-6.54	-3.02	-6.36	-4.38	-5.98	-5.86	-5.48	-6.44	-6.36	-6.76	-5.42	-6.62	-5.9	-4.04	-6.92	-5.38	-5.34	-5.96	-6.22	-6.16	-6.48	-6.86	-2.78	-5.98	-2.34	-6.68	-6.02	-6.18	-6.24	-6.04	-6.32	-2.3	-6.18	-2.28	-5.72	-11.26	-4.22	3.02	-6.28	-6.22	-6.58	-6.6	-5.04	-6.18	-6.34	-6.6	-6.14	-6.1	-5.86	70.28	-6.3	-6.06	-5.64	-5.4	-6.9	-0	-0	-0	35.82	-0	-0	-0	-0	
6	402	-0.12	4.16	-0	-4.78	0.14	6.4	-0	-3.78	4.58	0.68	-0	2.36	-4.5	0.24	-0.12	3.16	-4.86	-3.34	-1.24	-2.96	0.08	-0	0.16	2.4	-0.72	0.34	-1.1	-4.38	-1.12	-2.26	-2.48	-6.62	3.04	-1.36	3.72	5.32	0.08	-0.36	-0.36	-0.64	-2.94	4.04	-0.14	6.12	2.44	-0.26	-6.54	7.32	-1.66	2.62	-2.08	4.16334e-17	1.76	-0.18	-0.36	-4.02	-2	-0.66	-1.76	82.68	-0.36	-3.92	-3.04	-0.6	-4.52	35.28	-0	-0	-0	-0	-0	-0	-0	
7	466	-0.04	3.96	-0	-0.14	-0.48	-1.4	3.78	-0	8.56	-0.36	0.66	2.9	3.24	1.52	-4.16334e-17	1.22	0.52	-0.04	-0.5	-1.06	2.18	-0.06	-0.8	1.58	-0	1.76	1.36	-0.56	-0.66	-1.34	-0.78	-1.62	3.02	-0.68	7.6	6.28	-0.18	-0.68	-0.32	0.64	-0.52	5.04	-0.72	14.22	-3.48	-0.48	-0.12	10.08	-0.08	-0.96	0.3	-0.48	0.14	-0	0.3	-0.2	0.16	-0.84	-1.04	82.46	0.86	-0.32	0.56	0.36	-1.2	-0	-0	88.02	-0	-0	-0	-0	-0	
8	814	-4.7	-3.38	-0	-7.84	-0.94	3.64	-4.58	-8.56	-0	-4.44	-3.38	-0.6	-9.56	-5.78	-3.7	-4.18	-3.38	-3.6	-3.56	-6.92	-5.6	-5.16	-5.22	0.42	-6.74	-0.66	-2.54	-7.46	-4.56	-4.6	-5.96	-11.72	-1.98	-3.8	0.72	-7.78	-4.9	-3.64	-6.1	-3.7	-5.8	-1.92	-3.88	0.06	-4.12	-5.24	-7.04	7.42	-4.42	-3.28	-4.96	-3.54	-6.46	-9.68	-4.14	-6.92	-4.12	-4.1	-8.6	62.58	-4.9	-5.52	-3.72	-5.4	-5.8	-0	-0	-0	-0	-0	-0	32.04	-0	
9	438	-0.48	3.54	-0	-0.72	0.52	5.2	-0.68	0.36	4.44	-0	-0.74	3.12	4.52	2.84	-0.82	-1.8	2.5	-0.66	-0.54	-0.56	-0.34	-0.76	-3.88	1.92	-0.84	-0.44	1.46	-0.54	-0.24	-0.6	-6.66	2.78	3.78	-0.48	3.02	-0.76	-0.26	-0.92	-0.44	-0.6	-0.62	2.54	-0.44	4.54	-0.64	-1.02	2.08	10.16	-0.64	-0.48	-0.48	-0.64	-0.12	0.6	-0.8	-0.42	-0.24	-0.66	-0.94	68.24	-1.04	-0.56	0.24	-4.54	-0.32	-0	-0	-0	94.64	-0	-0	-0	-0	
10	442	-0	5.22	-0	-0	0.32	6.54	-0	-0.66	3.38	0.74	-0	3.6	0.22	1.94	-0	0.4	4.62	-0	-5.78	-5.06	0.64	-0	-0	2.4	-0	0.66	1.98	0.24	0.44	0.06	-0	0.08	3.36	0.16	3.84	-0	-0.02	0.14	-0	0.28	-0	3.9	-0	5.88	0.72	0.96	7.36	8.08	-0	-0	0.48	-0.24	-0.24	-0	-0	-0	0.08	-0	-0	63.76	-0.14	-0	0.96	1.6	-0	-0	-0	-0	-0	-0	40.68	-0	-0	
11	0	-3.6	2.1	-0	-3.6	-2.64	3.02	-2.36	-2.9	0.6	-3.12	-3.6	-0	-3.6	-1.04	-3.64	-3.18	-3.6	-3.52	-3.6	-3.3	-3.52	-3.6	-3.16	-1.2	-3.6	-2.36	-1.76	-3.6	-3.6	-3.12	-3.6	-3.6	0.18	-3.6	0.24	-3.6	-0.82	-3.6	-3.6	-3.6	-2.48	0.78	-3.6	4.98	-2.38	-3.6	-4.78	5.44	-3.6	-3.6	-3.44	-3.66	-1.22	-3.6	-3.6	-3.6	-3.6	-3.6	-3.6	85.74	-2.96	-3.44	-2.8	-2.4	-3.6	13.32	-0	-0	-0	-0	-0	-0	-0	
12	667	1.38778e-17	4.14	-0	-8.2	0.66	6.36	4.5	-3.24	9.56	-4.52	-0.22	3.6	-0	-2.08	-2.34	4.58	-3.6	-3.04	-4.6	-5.44	-0.74	-7.1	-3.02	2.4	1.38778e-17	0.08	-1.56	-7.96	-5.04	-4.34	-4.66	-4.72	0.26	-0	3.84	-1.6	-4.4	-5.86	-1.72	-3.42	-4.28	-0.18	-3.36	16.62	-2.8	-0.64	-5.54	8.5	-4.16334e-17	-4.32	-0.88	5.9	-1.08	-5.88	-2.96	-0.24	0.16	-1.68	-3.36	83.34	0.62	-3.64	-5.84	3.1	-0	-0	-0	115.52	-0	-0	-0	-0	-0	
13	409	-3.5	4.16	42.48	-0.56	0.42	4.38	-0.24	-1.52	5.78	-2.84	-1.94	1.04	2.08	-0	-2.9	-1.44	2.96	0.08	-0.82	-0.36	-9.1	-5.8	-3.74	0.4	-7.38	-2.88	0.78	-1.18	-0.5	2.38	-0.36	-3.24	3.58	-0	1.58	-11.88	-6.88	-4.94	-8.34	-5.88	-0.2	-1.32	-4.4	3.58	0.16	-8.64	-1.08	10.16	-0.94	-0.52	-2.8	-1.92	-7.82	-8.28	-0.88	-1.72	-1.28	-4.42	-11.68	59.92	-3.7	-3.08	0.64	3.5	-0	-0	-0	-0	-0	-0	-0	-0	-0	
14	578	-0.36	3.64	-0	-0.02	0.6	5.98	0.12	4.16334e-17	3.7	0.82	-0	3.64	2.34	2.9	-0	0.24	2.88	0.08	-0.36	-0.64	0.74	-0	-0	2.4	-0.08	0.52	1.36	0.16	-0.04	0.1	-0	-0.08	3.28	5.88	3.8	-0.04	-0.24	-0.16	3.60822e-16	0.12	-0.1	0.62	-0.08	3.82	0.4	-0.08	1.34	9	0.04	-0.16	0.04	4.16334e-17	-0.4	2.48	-0	-0.24	0.04	0.92	-0.16	55.82	0.06	-3.52	1.12	1.56	0.2	-0	-0	-0	-0	-0	41.94	-0	-0	
15	530	-0.46	3.76	-0	-1.54	0.78	5.86	-3.16	-1.22	4.18	1.8	-0.4	3.18	-4.58	1.44	-0.24	-0	3.52	-1.62	-0.66	-3.72	0.64	-0.42	-0.24	1.98	-0.42	-0.3	-1.28	2.24	-3.78	-3.04	2.88	-1.66	3.32	0.24	3.6	-0.42	-0.24	-0.22	-0.44	0.74	-0.48	3.9	-0.56	4.64	-0.6	-0.72	0.88	7.82	-0.76	-0.78	-0.32	-0.42	1.12	-0.24	-0.52	-0.78	-3.08	-0.24	-3.28	71.96	-0.2	-0.44	-0.7	-1.48	-1.22	-0	-0	-0	99.24	-0	-0	-0	-0	
16	536	-4.3	3.56	84.24	-1.06	-1.16	5.48	4.86	-0.52	3.38	-2.5	-4.62	3.6	3.6	-2.96	-2.88	-3.52	-0	-0.64	-0	-0.46	-2.9	-2.7	-3.58	1.16	-3.86	-0.76	1.68	-0.08	-0.26	5.2	-0.48	-0.64	3.94	-0	1.7	-7.74	-1.2	-1.74	-1.96	3.38	-0	0.74	-1.88	12.42	-3.58	-2.92	0.48	9.76	2.76	0.16	-0.16	-3.04	0.06	-8.54	-0	-0.68	-0.96	-2.74	-4.26	74.98	-3.1	-1.2	0.96	3.86	-3.88	-0	-0	-0	-0	-0	-0	-0	-0	
17	753	-0	4.2	42.66	0.08	2.26	6.44	3.34	0.04	3.6	0.66	-0	3.52	3.04	-0.08	-0.08	1.62	0.64	-0	-0.18	0.08	1.96	0.16	-0.4	2.4	-0	4.94	1.84	0.34	0.06	3.76	-0.54	-0	4.68	-0	3.84	-4.16334e-17	0.88	4.16334e-17	-0.8	-0.08	-0.34	3.08	-0.32	11.72	4.18	-0	0.26	10.16	0.2	0.46	1.12	0.32	1.08	0.02	-0.72	-0	0.12	-0	-0.12	73	0.64	-0	0.96	2.92	-2.12	-0	-0	-0	-0	-0	-0	-0	-0	
18	463	-0	4.28	-0	-4.9	0.56	6.36	1.24	0.5	3.56	0.54	5.78	3.6	4.6	0.82	0.36	0.66	-0	0.18	-0	0.58	0.48	0.92	0.08	2.4	-0	1.64	1.94	-0	-0	-4.5	-0	-0.04	4.34	2.86	3.84	-0	0.6	-0	0.24	-0	-0	4.08	-0	7.34	1.22	-0	-0	9.36	-0	-0	0.36	0.06	2.96	0.24	-0	-2.36	0.36	-0	-0	59.5	0.8	-0	0.96	2.02	-0	-0	41.94	-0	-0	-0	-0	-0	-0	
19	530	-2.7	4.86	-0	-0.48	1.06	6.76	2.96	1.06	6.92	0.56	5.06	3.3	5.44	0.36	0.64	3.72	0.46	-0.08	-0.58	-0	0.48	-0.16	-0	2.4	-0	0.64	2.18	5.7	-0.6	1.16	-1.3	-0.48	2.94	-1	3.84	0.04	0.16	-0.52	-0.68	0.4	-0.6	4.42	-0.4	11.82	1.76	-0.04	-0.42	10.56	0.64	-0.48	0.1	-0.02	0.84	0.02	-0.08	-0.16	-0.06	-0	-0.2	76.76	6.93889e-17	-0.6	0.96	4.38	-0	22.68	-0	-0	-0	-0	-0	-0	-0	
20	649	-0.48	2.24	-0	-1.02	3.28	5.42	-0.08	-2.18	5.6	0.34	-0.64	3.52	0.74	9.1	-0.74	-0.64	2.9	-1.96	-0.48	-0.48	-0	-0.48	-1.48	1.76	-1.48	0.24	0.3	-2.88	-1.38	-1.72	-0.48	-1.94	2.02	-0.4	3.2	-1.52	-1.08	-0.62	-1.72	-1.72	4.56	3.92	-0.44	4.8	-0.62	-1.6	4.62	13.96	-0.64	-0.6	-4.7	-2.26	-0.56	-1.1	-0.48	-1.6	-1.36	-1	-1.72	59.6	-0.96	-4.48	-1.48	0.68	-1.16	-0	-0	-0	-0	-0	58.86	-0	-0	
21	355	-0	5.04	-0	-0	2.28	6.62	-0	0.06	5.16	0.76	-0	3.6	7.1	5.8	-0	0.42	2.7	-0.16	-0.92	0.16	0.48	-0	-0	2.4	-1.2	0.66	1.36	-5.1	-0.12	-3.42	-0.24	0.16	3.52	0.32	3.84	-0	2.5	-0	-0	-0	-0.08	4.1	0.72	5.14	0.36	-0	2.72	8.32	-0	-0	0.92	4.16334e-17	1.12	-0	0.16	-0	1.16	-0	0.16	84.9	-0	0.04	0.48	1.08	-0	-0	-0	-0	36.18	-0	-0	-0	-0	
22	354	-0	4.26	-0	-0.6	0.26	5.9	-0.16	0.8	5.22	3.88	-0	3.16	3.02	3.74	-0	0.24	3.58	0.4	-0.08	-0	1.48	-0	-0	2.4	-0	2.7	1.7	-2.28	0.06	0.28	0.08	0.2	2.54	-0.14	3.84	-0.2	-0.12	-0.32	0.26	-0.6	-0.4	5.74	0.16	6.84	-0.04	-0.24	2.42	10.16	-0.24	-0.6	1.12	4.16334e-17	0.32	-0.62	-0.08	0.44	-0.52	-0.24	-0.92	58.88	6.93889e-18	-0.76	0.12	2.2	-0.48	-0	-0	-0	-0	13.68	-0	-0	-0	
23	1098	-2.64	2.64	-0	-2.48	-1.68	4.04	-2.4	-1.58	-0.42	-1.92	-2.4	1.2	-2.4	-0.4	-2.4	-1.98	-1.16	-2.4	-2.4	-2.4	-1.76	-2.4	-2.4	-0	-2.4	-7.14	-0.8	-2.4	-2.34	-1.78	-2.56	-2.4	1.12	-2.4	1.44	-2.4	-2.4	2.48	-8.18	-2.32	-2.4	1.62	-2.16	1.78	-2.4	-2.4	-0.98	4.72	-2.4	-2.4	-2.4	-2.4	-1.12	-2.4	-2.4	-2.4	-5.9	-2.4	-2.4	66.98	-2.4	-2.4	-1.44	-1.68	-2.4	-0	-0	-0	-0	-0	51.12	-0	-0	
24	579	-0	10.14	-0	-0	1.48	6.92	0.72	-0	6.74	0.84	-0	3.6	-1.38778e-17	7.38	0.08	0.42	3.86	-0	-0	-0	1.48	1.2	-0	2.4	-0	0.06	1.98	-0	0.52	0.34	-0	-0	3.36	0.48	3.84	-0	0.04	0.08	-0	0.24	1.04	4.26	-0	11.2	0.24	-0	3.38	9.6	0.12	-0	-0	4.16334e-17	1.2	0.24	-0	-0	0.06	-0	-0	64.38	-0	-2.08	0.96	1.28	-0	-0	-0	-0	-0	-0	4.68	-0	-0	
25	357	-1.08	4.58	-0	-1.4	0.08	5.38	-0.34	-1.76	0.66	0.44	-0.66	2.36	-0.08	2.88	-0.52	0.3	0.76	-4.94	-1.64	-0.64	-0.24	-0.66	-2.7	7.14	-0.06	-0	0.72	-1.94	-1.46	-0.24	-1.36	-2.66	2.28	-6.14	3.2	-0.7	-1.08	-0.48	2.06	-0.32	-1.42	3.1	-0.8	5.78	-0.22	-0.88	1.1	9.22	-0.62	-0.72	-0.8	-0.4	0.76	0.08	-1.22	-1.78	-0.82	-0.06	-0.34	61.16	-0.88	-0.9	0.42	0.74	-0.9	-0	-0	-0	-0	-0	78.84	-0	-0	
26	0	-0.96	0.68	-0	-0.5	-1.16	5.34	1.1	-1.36	2.54	-1.46	-1.98	1.76	1.56	-0.78	-1.36	1.28	-1.68	-1.84	-1.94	-2.18	-0.3	-1.36	-1.7	0.8	-1.98	-0.72	-0	-2.14	-2	-0.84	2.84	-1.44	1.84	-2.28	2.08	-1.6	-1.64	-1.72	-1.68	-2	-1.86	2.64	-1.76	7.64	-0.82	-2.08	-3.36	7.96	-1.6	-1.12	-1	-1.8	-1.8	-2.06	-1.8	-1.68	-1.82	-1.82	-1.72	92.22	-1.6	-2	-0.64	2.26	-1.44	43.38	-0	-0	-0	-0	-0	-0	-0	
27	346	-0	5.18	-0	-0.4	0.84	5.96	4.38	0.56	7.46	0.54	-0.24	3.6	7.96	1.18	-0.16	-2.24	0.08	-0.34	-0	-5.7	2.88	5.1	2.28	2.4	-0	1.94	2.14	-0	-0.16	0.56	-0.16	-0	4	0.04	3.84	3.32	-0	-0	-0.16	0.4	-0.08	4.48	-0	12.4	1.48	0.32	-0.12	10.56	0.32	-0.32	0.78	0.12	-3.82	-4.16334e-17	-1.48	-0	0.64	-0	-0	89.54	0.58	-0	0.96	3	-0	-0	69.12	-0	-0	-0	-0	-0	-0	
28	395	-0.46	5.06	-0	-0.16	0.06	6.22	1.12	0.66	4.56	0.24	-0.44	3.6	5.04	0.5	0.04	3.78	0.26	-0.06	-0	0.6	1.38	0.12	-0.06	2.34	-0.52	1.46	2	0.16	-0	0.28	-0.3	0.14	4.04	-0	4.8	-0.18	2.72	-0	-0.64	-0	0.14	4.1	-0.2	8.14	1.32	0.32	0.52	10.56	0.4	-0.2	0.18	-0.62	2	-0.44	3.66	-1.38	-0	-0.6	-1.22	82.24	-4.68	-0	0.64	1.64	-0	51.66	-0	-0	-0	-0	-0	-0	-0	
29	667	-6.93889e-17	2.28	-0	-0.14	-4.16334e-17	6.16	2.26	1.34	4.6	0.6	-0.06	3.12	4.34	-2.38	-0.1	3.04	-5.2	-3.76	4.5	-1.16	1.72	3.42	-0.28	1.78	-0.34	0.24	0.84	-0.56	-0.28	-0	-1.34	-1.02	3.46	-0.26	3.7	0.38	-0.08	1.38778e-17	-0.34	-0.16	-0.8	4.18	0.08	8.98	0.38	0.24	-3.9	7.34	-8.26	-1.16	-3	-1.38778e-17	0.56	-0.5	-0.06	-0.7	-0.78	-0.08	1.02	85.22	-0.04	-0.92	0.12	-0.82	-1.04	-0	-0	126.34	-0	-0	-0	-0	-0	
30	877	-0	6	-0	0.16	1.12	6.48	2.48	0.78	5.96	6.66	-0	3.6	4.66	0.36	-0	-2.88	0.48	0.54	-0	1.3	0.48	0.24	-0.08	2.56	-0	1.36	-2.84	0.16	0.3	1.34	-0	-0	2.9	-0	3.84	0.24	3.34	1.92	-0	-0.16	0.6	3.64	-0	9.66	3.4	-0	-0	10.62	-0.16	-0	0.1	1.96	1.16	-0.18	0.08	-0	0.24	-2.66	-0	87.32	0.1	-0	0.96	1.8	-0	-0	-0	39.96	-0	-0	-0	-0	-0	
31	362	-0.48	5.2	-0	-0.06	0.48	6.86	6.62	1.62	11.72	-2.78	-0.08	3.6	4.72	3.24	0.08	1.66	0.64	-0	0.04	0.48	1.94	-0.16	-0.2	2.4	-0	2.66	1.44	-0	-0.14	1.02	-0	-0	0.02	-0	3.84	-0.16	5.14	0.02	-0.16	-0.26	-0	8.24	-0.68	20.24	0.68	-0	0.16	10.16	3.2	6.44	3.64	-0.16	0.8	-0.14	-0	0.4	0.36	-0	-0	76.48	1.46	-0.48	0.96	1.8	-0	27.72	-0	-0	-0	-0	-0	-0	-0	
32	747	-3.36	1.94	-0	-4.28	-2.36	2.78	-3.04	-3.02	1.98	-3.78	-3.36	-0.18	-0.26	-3.58	-3.28	-3.32	-3.94	-4.68	-4.34	-2.94	-2.02	-3.52	-2.54	-1.12	-3.36	-2.28	-1.84	-4	-4.04	-3.46	-2.9	-0.02	-0	-3.36	0.48	-3.4	-3.12	-3.32	-3.36	-3.36	-3.2	1.28	-3.36	6.12	-1.34	-3.36	-3.48	11.38	-4.02	-3.86	-4.32	-2.96	-2.32	-3.36	-4.08	-3.66	-3.48	-3.36	-3.36	82.1	-3.04	-5.44	-3.12	-1.64	-3.44	-0	30.96	-0	-0	-0	-0	-0	-0	
33	408	-1.92	5.5	-0	-0.96	3.06	5.98	1.36	0.68	3.8	0.48	-0.16	3.6	-0	-0	-5.88	-0.24	-0	-0	-2.86	1	0.4	-0.32	0.14	2.4	-0.48	6.14	2.28	-0.04	-0	0.26	-0	-0	3.36	-0	3.84	-0.38	-3.66	-0.04	-0.86	-0.6	-0	3.84	-5.96	5.98	0.54	0.68	-0	8.72	0.04	-0	-0.08	-1.44	0.72	-1.06	-0	-0	-0	-0	-0.16	93.92	-0.72	-0.2	0.96	0.28	-0	-0	-0	72.9	-0	-0	-0	-0	-0	
34	529	-3.84	0.32	-0	-3.84	-3.24	2.34	-3.72	-7.6	-0.72	-3.02	-3.84	-0.24	-3.84	-1.58	-3.8	-3.6	-1.7	-3.84	-3.84	-3.84	-3.2	-3.84	-3.84	-1.44	-3.84	-3.2	-2.08	-3.84	-4.8	-3.7	-3.84	-3.84	-0.48	-3.84	-0	-3.98	-3.6	-3.84	-3.84	-3.84	-2.88	-0.24	3.54	0.28	-3.84	-3.84	-2.12	3.6	-3.66	-3.84	-3.84	-3.84	-3.12	-2.74	-3.84	-3.84	-3.62	-3.84	-3.84	53.32	-3.84	-3.84	-8.36	0.28	-3.84	-0	-0	-0	-0	48.78	-0	-0	-0	
35	905	-0	5.56	-0	-0.12	2.9	6.68	-5.32	-6.28	7.78	0.76	-0	3.6	1.6	11.88	0.04	0.42	7.74	4.16334e-17	-0	-0.04	1.52	-0	0.2	2.4	-0	0.7	1.6	-3.32	0.18	-0.38	-0.24	0.16	3.4	0.38	3.98	-0	0.16	0.32	0.56	0.34	0.02	7.92	0.04	7.24	-0	0.08	6.18	9.76	0.2	-2.28	0.52	-0.32	1.84	-0.26	3	-0.16	0.5	-0	-0	64.7	-0	-0.2	0.96	1.08	-1.12	-0	-0	-0	-0	-0	74.34	-0	-0	
36	400	-0.12	3.68	-0	-1.08	2.2	6.02	-0.08	0.18	4.9	0.26	0.02	0.82	4.4	6.88	0.24	0.24	1.2	-0.88	-0.6	-0.16	1.08	-2.5	0.12	2.4	-0.04	1.08	1.64	-0	-2.72	0.08	-3.34	-5.14	3.12	3.66	3.6	-0.16	-0	-0	0.24	1.32	0.8	3.38	5.7	2.88	0.04	-0.06	3.12	7.1	0.72	-0	-0.1	4.16334e-17	2.08	-0.1	-0	-2.76	0.6	-0	-0.16	75.06	-0	-2.58	0.96	0.56	-2.22	-0	-0	-0	90.8	-0	-0	-0	-0	
37	555	-0.36	4.24	-0	-0	1.3	6.18	0.36	0.68	3.64	0.92	-0.14	3.6	5.86	4.94	0.16	0.22	1.74	-4.16334e-17	-0	0.52	0.62	-0	0.32	-2.48	-0.08	0.48	1.72	-0	-0	-1.38778e-17	-1.92	-0.02	3.32	0.04	3.84	-0.32	-0	-0	-0.16	-0	-0	4.5	-0	4.16	-0.42	-0.96	1.92	8.08	2.3	-0	-0	-0.56	1.52	-0.08	-0	-0	-0	-0	-0	72.92	-0	-0	0.96	0.7	-0	-0	-0	-0	-0	-0	-0	45.18	-0	
38	439	-0	5.42	-0	0.16	2.04	6.24	0.36	0.32	6.1	0.44	-0	3.6	1.72	8.34	-3.60822e-16	0.44	1.96	0.8	-0.24	0.68	1.72	-0	-0.26	8.18	-0	-2.06	1.68	0.16	0.64	0.34	-0	0.16	3.36	0.86	3.84	-0.56	-0.24	0.16	-0	-0	-0	4.24	0.16	7.64	-0.1	-0	4.76	9.84	0.12	-0	0.2	4.16334e-17	0.4	-0.14	-0.02	-0	0.88	-0	-4.68	63.82	0.1	5.28	0.96	2.72	-0	-0	-0	-0	-0	-0	-0	30.6	-0	
39	653	0.82	4.08	-0	5.54	1.48	6.04	0.64	-0.64	3.7	0.6	-0.28	3.6	3.42	5.88	-0.12	-0.74	-3.38	0.08	-0	-0.4	1.72	-0	0.6	2.32	-0.24	0.32	2	-0.4	-0	0.16	0.16	0.26	3.36	0.6	3.84	-0.34	-1.32	-0	-0	-0	0.26	4	-0.16	4.84	-0.16	-3.46945e-18	4.38	9.52	0.24	-0	0.1	4.16334e-17	1.56	-0.66	-0	-0.32	0.08	-0	0.12	75.16	-0.22	-0.48	0.64	0.86	3.16	-0	-0	-0	43.92	-0	-0	-0	-0	
40	0	-1.2	5.02	41.94	-3.48	0.54	6.32	2.94	0.52	5.8	0.62	-0	2.48	4.28	0.2	0.1	0.48	-0	0.34	-0	0.6	-4.56	0.08	0.4	2.4	-1.04	1.42	1.86	0.08	-0.14	0.8	-0.6	-0	3.2	-0	2.88	-0.02	-0.8	-0	-0	-0.26	-0	3.92	-0	8	1.98	7.02	-0.16	9.76	0.08	-0	0.32	0.16	2.08	-0.08	2.42	0.08	-0	-0	-0	76.34	0.08	-0	0.96	3.34	-0	-0	-0	-0	-0	-0	-0	-0	-0	
41	359	-2.8	0.92	-0	-4.16	-2.38	2.3	-4.04	-5.04	1.92	-2.54	-3.9	-0.78	0.18	1.32	-0.62	-3.9	-0.74	-3.08	-4.08	-4.42	-3.92	-4.1	-5.74	-1.62	-4.26	-3.1	-2.64	-4.48	-4.1	-4.18	-3.64	-8.24	-1.28	-3.84	0.24	-7.92	-3.38	-4.5	-4.24	-4	-3.92	-0	-4.32	2.48	-4.24	-3.8	-6.12	6.72	-4.26	-4.08	0.58	-3.6	-3.68	-5.9	-4.28	-4.62	-3.8	-4.18	-3.96	57.24	-4.02	-4.96	-2.6	-0.42	-4.12	-0	-0	-0	-0	81.9	-0	-0	-0	
42	653	-0	4.28	-0	0.16	0.4	6.18	0.14	0.72	3.88	0.44	-0	3.6	3.36	4.4	0.08	0.56	1.88	0.32	-0	0.4	0.44	-0.72	-0.16	2.16	-0	0.8	1.76	-0	0.2	-0.08	-0	0.68	3.36	5.96	-3.54	-0.04	-5.7	-0	-0.16	0.16	-0	4.32	-0	5	-0	0.08	1.88	10.16	0.12	-0	-0	0.16	1.24	-3.84	-0	-0	-0.12	-0.14	-0	73.34	0.08	-0	0.96	0.72	2	-0	-0	-0	-0	-0	-0	52.2	-0	
43	659	-5.12	-1.98	-0	-14.62	-2	2.28	-6.12	-14.22	-0.06	-4.54	-5.88	-4.98	-16.62	-3.58	-3.82	-4.64	-12.42	-11.72	-7.34	-11.82	-4.8	-5.14	-6.84	-1.78	-11.2	-5.78	-7.64	-12.4	-8.14	-8.98	-9.66	-20.24	-6.12	-5.98	-0.28	-7.24	-2.88	-4.16	-7.64	-4.84	-8	-2.48	-5	-0	-5.38	-5.72	-9	3.02	-7.9	-7.04	-8	-4.32	-4.74	-9.24	-6.74	-11.9	-9.12	-4.62	-8.52	56.96	-5.08	-11.28	-10.66	-11.74	-11.9	-0	-0	-0	-0	75.6	-0	-0	-0	
44	0	-0.42	3.6	-0	-1.04	1.94	5.72	-2.44	3.48	4.12	0.64	-0.72	2.38	2.8	-0.16	-0.4	0.6	3.58	-4.18	-1.22	-1.76	0.62	-0.36	0.04	2.4	-0.24	0.22	0.82	-1.48	-1.32	-0.38	-3.4	-0.68	1.34	-0.54	3.84	-0	-0.04	0.42	0.1	0.16	-1.98	4.24	-0	5.38	-0	0.04	1.7	9.6	-1.16	-0.24	-2.02	-0.42	0.72	-0	-1.76	-4.7	-0.72	-0.08	-0.32	72.18	-0.28	-0.38	0.96	0.24	-0	-0	-0	-0	-0	-0	-0	61.38	-0	
45	0	-0	4.6	-0	0.2	0.88	11.26	0.26	0.48	5.24	1.02	-0.96	3.6	0.64	8.64	0.08	0.72	2.92	-0	-0	0.04	1.6	-0	0.24	2.4	-0	0.88	2.08	-0.32	-0.32	-0.24	-0	-0	3.36	-0.68	3.84	-0.08	0.06	0.96	-0	3.46945e-18	-7.02	3.8	-0.08	5.72	-0.04	-0	4.78	10.56	0.36	-0	-0	-0.32	1.84	0.24	-0	4.4	0.32	-0	-0	72.34	-0	-0.16	-2.2	1.1	-0	-0	-0	-0	-0	-0	-0	58.86	-0	
46	0	-2.76	4.84	-0	-0.5	0.84	4.22	6.54	0.12	7.04	-2.08	-7.36	4.78	5.54	1.08	-1.34	-0.88	-0.48	-0.26	-0	0.42	-4.62	-2.72	-2.42	0.98	-3.38	-1.1	3.36	0.12	-0.52	3.9	-0	-0.16	3.48	-0	2.12	-6.18	-3.12	-1.92	-4.76	-4.38	0.16	6.12	-1.88	9	-1.7	-4.78	-0	10.56	-1.1	-0	0.16	-1.6	-4.72	-4.24	0.22	-0.36	2.77556e-17	-3.52	-7.32	79.76	-1.68	-0.52	0.96	3.16	-0.44	-0	44.1	-0	-0	-0	-0	-0	-0	
47	449	-8.56	-4.32	-0	-10.56	-6.08	-3.02	-7.32	-10.08	-7.42	-10.16	-8.08	-5.44	-8.5	-10.16	-9	-7.82	-9.76	-10.16	-9.36	-10.56	-13.96	-8.32	-10.16	-4.72	-9.6	-9.22	-7.96	-10.56	-10.56	-7.34	-10.62	-10.16	-11.38	-8.72	-3.6	-9.76	-7.1	-8.08	-9.84	-9.52	-9.76	-6.72	-10.16	-3.02	-9.6	-10.56	-10.56	-0	-8.72	-9.52	-9.52	-8.32	-8	-10.56	-7.36	-8.96	-8.6	-8.96	-10	52.06	-9.28	-9.84	-7.44	-8.56	-7.76	-0	-0	66.78	-0	-0	-0	-0	-0	
48	783	-0	3.9	-0	0.44	0.06	6.28	1.66	0.08	4.42	0.64	-0	3.6	4.16334e-17	0.94	-0.04	0.76	-2.76	-0.2	-0	-0.64	0.64	-0	0.24	2.4	-0.12	0.62	1.6	-0.32	-0.4	8.26	0.16	-3.2	4.02	-0.04	3.66	-0.2	-0.72	-2.3	-0.12	-0.24	-0.08	4.26	-0.12	7.9	1.16	-0.36	1.1	8.72	-0	-0	1.8	0.12	1.12	-0	-0	-0.52	0.48	-0.18	-0.38	89.42	-0.24	0.04	0.48	2.78	-0	-0	33.84	-0	-0	-0	-0	-0	-0	
49	433	-0	4.4	-0	-0	0.36	6.22	-2.62	0.96	3.28	0.48	-0	3.6	4.32	0.52	0.16	0.78	-0.16	-0.46	-0	0.48	0.6	-0	0.6	2.4	-0	0.72	1.12	0.32	0.2	1.16	-0	-6.44	3.86	-0	3.84	2.28	-0	-0	-0	-0	-0	4.08	-0	7.04	0.24	-0	-0	9.52	-0	-0	0.36	6.58	1.2	-0	-0.08	-0	0.32	-0	-0	90.32	0.52	-0	0.96	0.72	-0	-0	27	-0	-0	-0	-0	-0	-0	
50	491	-0.4	4.78	-0	0.68	-0.5	6.58	2.08	-0.3	4.96	0.48	-0.48	3.44	0.88	2.8	-0.04	0.32	0.16	-1.12	-0.36	-0.1	4.7	-0.92	-1.12	2.4	-0	0.8	1	-0.78	-0.18	3	-0.1	-3.64	4.32	0.08	3.84	-0.52	0.1	-0	-0.2	-0.1	-0.32	-0.58	-0	8	2.02	-0	-0.16	9.52	-1.8	-0.36	-0	4.16334e-17	1.38778e-17	-0	-0.04	-3.32	-0.36	1.3	-0.36	87.58	-0.08	-1.28	0.56	-1.44	-0.44	-0	78.66	-0	-0	-0	-0	-0	-0	
51	689	0.24	5.04	-0	-0.48	0.48	6.6	-4.16334e-17	0.48	3.54	0.64	0.24	3.66	-5.9	1.92	-4.16334e-17	0.42	3.04	-0.32	-0.06	0.02	2.26	-4.16334e-17	-4.16334e-17	2.4	-4.16334e-17	0.4	1.8	-0.12	0.62	1.38778e-17	-1.96	0.16	2.96	1.44	3.84	0.32	-4.16334e-17	0.56	-4.16334e-17	-4.16334e-17	-0.16	3.6	-0.16	4.32	0.42	0.32	1.6	8.32	-0.12	-6.58	-4.16334e-17	-0	2.48	-0.08	-4.16334e-17	-4.16334e-17	0.24	0.24	-0.28	77.68	-4.16334e-17	-4.16334e-17	0.48	0.12	0.24	-0	-0	-0	69.12	-0	-0	-0	-0	
52	394	-1.76	2.96	-0	-0.8	1.72	5.04	-1.76	-0.14	6.46	0.12	0.24	1.22	1.08	7.82	0.4	-1.12	-0.06	-1.08	-2.96	-0.84	0.56	-1.12	-0.32	1.12	-1.2	-0.76	1.8	3.82	-2	-0.56	-1.16	-0.8	2.32	-0.72	3.12	-1.84	-2.08	-1.52	-0.4	-1.56	-2.08	3.68	-1.24	4.74	-0.72	-1.84	4.72	8	-1.12	-1.2	-1.38778e-17	-2.48	-0	0.72	-0.32	-4.38	-0.52	-1.52	0.72	63.42	-1.2	-0.96	0.96	0.88	-0.96	-0	-0	-0	-0	16.38	-0	-0	-0	
53	685	-0	4.44	-0	4.9	2.64	6.18	0.18	-0	9.68	-0.6	-0	3.6	5.88	8.28	-2.48	0.24	8.54	-0.02	-0.24	-0.02	1.1	-0	0.62	2.4	-0.24	-0.08	2.06	4.16334e-17	0.44	0.5	0.18	0.14	3.36	1.06	2.74	0.26	0.1	0.08	0.14	0.66	0.08	5.9	3.84	9.24	-0	-0.24	4.24	10.56	-0	-0	-0	0.08	-0.72	-0	-0	-0	0.28	-0.08	-6.2	55.58	1.06	-0	0.96	2.18	-0.04	-0	-0	-0	-0	53.1	-0	-0	-0	
54	0	-0	4.46	71.82	0.26	0.24	6.34	0.36	-0.3	4.14	0.8	-0	3.6	2.96	0.88	-0	0.52	-0	0.72	-0	0.08	0.48	-0.16	0.08	2.4	-0	1.22	1.8	1.48	-3.66	0.06	-0.08	-0	4.08	-0	3.84	-3	-0	-0	0.02	-0	-2.42	4.28	-0	6.74	1.76	-0	-0.22	7.36	-0	0.08	0.04	4.16334e-17	0.32	-0	-0	-0	-5.28	-0.84	-0	76.52	0.08	-0	0.96	3.28	-0.24	-0	-0	-0	-0	-0	-0	-0	-0	
55	917	-0	5.58	-0	-0	0.24	6.6	4.02	0.2	6.92	0.42	-0	3.6	0.24	1.72	0.24	0.78	0.68	-0	2.36	0.16	1.6	-0	-0.44	2.4	-0	1.78	1.68	-0	1.38	0.7	-0	-0.4	3.66	-0	3.84	0.16	2.76	-0	-0	0.32	-0.08	4.62	-0	11.9	4.7	-4.4	0.36	8.96	0.52	-0	3.32	4.16334e-17	4.38	-0	-0	-0	0.64	-0	-0	78.96	1.18	-0	0.96	1.86	-0	14.94	-0	-0	-0	-0	-0	-0	-0	
56	649	-0.44	4.32	-0	-0.2	0.24	6.14	2	-0.16	4.12	0.24	-0.08	3.6	-0.16	1.28	-0.04	3.08	0.96	-0.12	-0.36	0.06	1.36	-1.16	0.52	5.9	-0.06	0.82	1.82	-0.64	-0	0.78	-0.24	-0.36	3.48	-0	3.62	-0.5	-0.6	-0	-0.88	-0.08	-0	3.8	0.12	9.12	0.72	-0.32	-2.77556e-17	8.6	-0.48	-0.32	0.36	-0.24	0.52	-0.28	5.28	-0.64	-0	-0.02	-0.76	86.88	-0.52	-0.32	0.32	0.52	-0	-0	-0	23.4	-0	-0	-0	-0	-0	
57	816	-0	4.16	-0	-0	1.2	6.1	0.66	0.84	4.1	0.66	-0	3.6	1.68	4.42	-0.92	0.24	2.74	-0	-0	-0	1	-0	0.24	2.4	-0	0.06	1.82	-0	0.6	0.08	2.66	-0	3.36	-0	3.84	-0	-0	-0	-0	-0	-0	4.18	0.14	4.62	0.08	-0	3.52	8.96	0.18	-0	-1.3	-0.24	1.52	0.08	0.84	-0	0.02	-0	-0	79.12	-0	-0	0.96	2.34	6.38	-0	-0	-0	-0	-0	-0	5.04	-0	
58	567	-0	4	-0	-0	2.3	5.86	1.76	1.04	8.6	0.94	-0	3.6	3.36	11.68	0.16	3.28	4.26	0.12	-0	0.2	1.72	-0.16	0.92	2.4	-0	0.34	1.72	-0	1.22	-1.02	-0	-0	3.36	0.16	3.84	-0	0.16	-0	4.68	-0.12	-0	3.96	-0	8.52	0.32	-0	7.32	10	0.38	-0	0.36	0.28	-0.72	6.2	-0	-0	0.76	-0	-0	57.36	-0.48	-0	0.96	1.96	-0.04	-0	-0	-0	-0	5.58	-0	-0	-0	
59	835	-77.32	-86.06	-0	-70.4	-60.04	-70.28	-82.68	-82.46	-62.58	-68.24	-63.76	-85.74	-83.34	-59.92	-55.82	-71.96	-74.98	-73	-59.5	-76.76	-59.6	-84.9	-58.88	-66.98	-64.38	-61.16	-92.22	-89.54	-82.24	-85.22	-87.32	-76.48	-82.1	-93.92	-53.32	-64.7	-75.06	-72.92	-63.82	-75.16	-76.34	-57.24	-73.34	-56.96	-72.18	-72.34	-79.76	-52.06	-89.42	-90.32	-87.58	-77.68	-63.42	-55.58	-76.52	-78.96	-86.88	-79.12	-57.36	-0	-66.24	-51.12	-73.98	-78.92	-85.18	-0	-0	-0	-0	68.76	-0	-0	-0	
60	506	-0.08	3.92	-0	-0.88	0.58	6.3	0.36	-0.86	4.9	1.04	0.14	2.96	-0.62	3.7	-0.06	0.2	3.1	-0.64	-0.8	-6.93889e-17	0.96	-0	-6.93889e-18	2.4	-0	0.88	1.6	-0.58	4.68	0.04	-0.1	-1.46	3.04	0.72	3.84	-0	-0	-0	-0.1	0.22	-0.08	4.02	-0.08	5.08	0.28	-0	1.68	9.28	0.24	-0.52	0.08	4.16334e-17	1.2	-1.06	-0.08	-1.18	0.52	-0	0.48	66.24	-0	-0.12	0.8	0.98	-0.96	-0	-0	-0	-0	-0	-0	15.84	-0	
61	468	-0	4.8	-0	-0.04	0.88	6.06	3.92	0.32	5.52	0.56	-0	3.44	3.64	3.08	3.52	0.44	1.2	-0	-0	0.6	4.48	-0.04	0.76	2.4	2.08	0.9	2	-0	-0	0.92	-0	0.48	5.44	0.2	3.84	0.2	2.58	-0	-5.28	0.48	-0	4.96	-0	11.28	0.38	0.16	0.52	9.84	-0.04	-0	1.28	4.16334e-17	0.96	-0	-0	-0	0.32	-0	-0	51.12	0.12	-0	0.96	0.8	-0	-0	-0	14.94	-0	-0	-0	-0	-0	
62	495	-0.96	3.12	3.24	-0.8	-0.48	5.64	3.04	-0.56	3.72	-0.24	-0.96	2.8	5.84	-0.64	-1.12	0.7	-0.96	-0.96	-0.96	-0.96	1.48	-0.48	-0.12	1.44	-0.96	-0.42	0.64	-0.96	-0.64	-0.12	-0.96	-0.96	3.12	-0.96	8.36	-0.96	-0.96	-0.96	-0.96	-0.64	-0.96	2.6	-0.96	10.66	-0.96	2.2	-0.96	7.44	-0.48	-0.96	-0.56	-0.48	-0.96	-0.96	-0.96	-0.96	-0.32	-0.96	-0.96	73.98	-0.8	-0.96	-0	3.32	-0.96	-0	-0	-0	-0	-0	-0	-0	-0	
63	416	-0.8	0.5	-0	-2.12	-0.36	5.4	0.6	-0.36	5.4	4.54	-1.6	2.4	-3.1	-3.5	-1.56	1.48	-3.86	-2.92	-2.02	-4.38	-0.68	-1.08	-2.2	1.68	-1.28	-0.74	-2.26	-3	-1.64	0.82	-1.8	-1.8	1.64	-0.28	-0.28	-1.08	-0.56	-0.7	-2.72	-0.86	-3.34	0.42	-0.72	11.74	-0.24	-1.1	-3.16	8.56	-2.78	-0.72	1.44	-0.12	-0.88	-2.18	-3.28	-1.86	-0.52	-2.34	-1.96	78.92	-0.98	-0.8	-3.32	-0	-1.04	-0	33.84	-0	-0	-0	-0	-0	-0	
64	331	-0	5.04	-0	2.04	-7.38	6.9	4.52	1.2	5.8	0.32	-0	3.6	-0	-0	-0.2	1.22	3.88	2.12	-0	-0	1.16	-0	0.48	2.4	-0	0.9	1.44	-0	-0	1.04	-0	-0	3.44	-0	3.84	1.12	2.22	-0	-0	-3.16	-0	4.12	-2	11.9	-0	-0	0.44	7.76	-0	-0	0.44	-0.24	0.96	0.04	0.24	-0	-0	-6.38	0.04	85.18	0.96	-0	0.96	1.04	-0	55.62	-0	-0	-0	-0	-0	-0	-0	
65	1055	-0	-0	-0	-0	-0	-0	-35.28	-0	-0	-0	-0	-13.32	-0	-0	-0	-0	-0	-0	-0	-22.68	-0	-0	-0	-0	-0	-0	-43.38	-0	-51.66	-0	-0	-27.72	-0	-0	-0	-0	-0	-0	-0	-0	-0	-0	-0	-0	-0	-0	-0	-0	-0	-0	-0	-0	-0	-0	-0	-14.94	-0	-0	-0	-0	-0	-0	-0	-0	-55.62	-0	-0	-0	-0	-0	-0	-0	-0	
66	653	-0	-0	-0	-0	-0	-0	-0	-0	-0	-0	-0	-0	-0	-0	-0	-0	-0	-0	-41.94	-0	-0	-0	-0	-0	-0	-0	-0	-69.12	-0	-0	-0	-0	-30.96	-0	-0	-0	-0	-0	-0	-0	-0	-0	-0	-0	-0	-0	-44.1	-0	-33.84	-27	-78.66	-0	-0	-0	-0	-0	-0	-0	-0	-0	-0	-0	-0	-33.84	-0	-0	-0	-0	-0	-0	-0	-0	-0	
67	713	-0	-0	-0	-0	-0	-0	-0	-88.02	-0	-0	-0	-0	-115.52	-0	-0	-0	-0	-0	-0	-0	-0	-0	-0	-0	-0	-0	-0	-0	-0	-126.34	-39.96	-0	-0	-72.9	-0	-0	-0	-0	-0	-0	-0	-0	-0	-0	-0	-0	-0	-66.78	-0	-0	-0	-0	-0	-0	-0	-0	-23.4	-0	-0	-0	-0	-14.94	-0	-0	-0	-0	-0	-0	-0	-0	-0	-0	-0	
68	905	-8.46	-0	-0	-0	-0	-35.82	-0	-0	-0	-94.64	-0	-0	-0	-0	-0	-99.24	-0	-0	-0	-0	-0	-36.18	-0	-0	-0	-0	-0	-0	-0	-0	-0	-0	-0	-0	-0	-0	-90.8	-0	-0	-43.92	-0	-0	-0	-0	-0	-0	-0	-0	-0	-0	-0	-69.12	-0	-0	-0	-0	-0	-0	-0	-0	-0	-0	-0	-0	-0	-0	-0	-0	-0	-0	-0	-0	-0	
69	0	-0	-0	-0	-0	-0	-0	-0	-0	-0	-0	-0	-0	-0	-0	-0	-0	-0	-0	-0	-0	-0	-0	-13.68	-0	-0	-0	-0	-0	-0	-0	-0	-0	-0	-0	-48.78	-0	-0	-0	-0	-0	-0	-81.9	-0	-75.6	-0	-0	-0	-0	-0	-0	-0	-0	-16.38	-53.1	-0	-0	-0	-0	-5.58	-68.76	-0	-0	-0	-0	-0	-0	-0	-0	-0	-0	-0	-0	-0	
70	0	-0	-0	-0	-0	-92.34	-0	-0	-0	-0	-0	-40.68	-0	-0	-0	-41.94	-0	-0	-0	-0	-0	-58.86	-0	-0	-51.12	-4.68	-78.84	-0	-0	-0	-0	-0	-0	-0	-0	-0	-74.34	-0	-0	-0	-0	-0	-0	-0	-0	-0	-0	-0	-0	-0	-0	-0	-0	-0	-0	-0	-0	-0	-0	-0	-0	-0	-0	-0	-0	-0	-0	-0	-0	-0	-0	-0	-0	-0	
71	0	-0	-0	-0	-0	-0	-0	-0	-0	-32.04	-0	-0	-0	-0	-0	-0	-0	-0	-0	-0	-0	-0	-0	-0	-0	-0	-0	-0	-0	-0	-0	-0	-0	-0	-0	-0	-0	-0	-45.18	-30.6	-0	-0	-0	-52.2	-0	-61.38	-58.86	-0	-0	-0	-0	-0	-0	-0	-0	-0	-0	-0	-5.04	-0	-0	-15.84	-0	-0	-0	-0	-0	-0	-0	-0	-0	-0	-0	-0	
72	0	-0	-0	-0	-0	-0	-0	-0	-0	-0	-0	-0	-0	-0	-0	-0	-0	-0	-0	-0	-0	-0	-0	-0	-0	-0	-0	-0	-0	-0	-0	-0	-0	-0	-0	-0	-0	-0	-0	-0	-0	-0	-0	-0	-0	-0	-0	-0	-0	-0	-0	-0	-0	-0	-0	-0	-0	-0	-0	-0	-0	-0	-0	-0	-0	-0	-0	-0	-0	-0	-0	-0	-0	-0	
