2
0
73
0	3616	-0	-1.98	-0	2.42	0.5	0.48	0.82	0.02	0.26	1.04	1.3	0.46	0.1	0.44	0.52	0.16	0.44	-0.3	1.84	0.4	1.38	0.28	-1.82	0.3	3.64	-0.1	0.22	49.74	-0.68	0.4	0.58	0.7	0.74	-0.14	-0.7	-0.4	0.22	0.96	0.18	0.32	0.38	-0.22	0.48	0.38	0.16	-6.93889e-18	-1.06	-0.68	-0.72	-0.02	0.72	4.66	0.36	0.34	-0.74	-0.94	0.9	0.88	0.18	0.3	-0.06	3.84	0.46	0.7	-0.04	-0	31.68	-0	-0	-0	-0	-0	-0	
1	0	1.98	-0	41.76	30.3	15.34	0.02	4.62	25.72	-0.26	8.68	2.08	0.18	22.1	-0.2	0.18	-0.1	-0.4	6.02	5.14	0.16	8.04	-0.52	9.54	0.2	8.2	3.98	0.28	70.8	5.36	17.26	4.12	2.74	1.42	12.28	12.28	5.04	0.44	4.22	-0.36	0.1	-0.24	0.92	-0.2	-0.04	-0.02	2.76	10.14	19.26	3.04	7.52	-0.2	10.28	0.28	-0.54	20.46	16.44	0.4	8.82	-0.26	-0.42	9.04	9.04	-0.26	-0.14	6.6	-0	-0	-0	-0	-0	-0	-0	-0	
2	270	-0	-41.76	-0	-57.02	-51.48	-0	-0	-0	-0	-0	-0	-0	-0	-0	-77.4	-0	-0	-53.46	-63	-0	-0	-0	-0	-0	-0	-0	-0	-0	-0	-0	-0	-0	-0	-0	-0	-0	-0	-0	-0	-0	-0	-0	-0	-0	-0	-0	-0	-0	-0	-0	-0	-0	-0	-0	-45.72	-0	-0	-0	-0	-0	-0	-0	-82.62	-0	-0	-0	-0	-0	-0	-0	-0	-0	-0	
3	1344	-2.42	-30.3	57.02	-0	-7.6	-0.52	-5.88	-11.28	-1.44	-2.44	1.24	-0.08	-11.58	1.08	-0.32	-1.78	-1.1	-5.62	3.06	-0.48	-3.48	-1.32	-11.36	0.04	10.78	-3.42	-0.98	28.76	-6.68	-7.8	0.7	0.26	-2.56	-7.04	-9.32	-3.98	2.08	-4.12	-1.04	-1.8	-1.78	-2.32	-0.62	-1.1	-0.56	-4.24	-9.72	-12.14	-5.4	-3.88	-1.64	16.06	-0.92	-1.04	-9.56	-10.56	-2.78	-4.26	-1.34	-0.5	-7.24	17.1	0.2	-1.1	-6.98	-0	-0	-0	-0	-0	-0	-0	-0	
4	933	-0.5	-15.34	51.48	7.6	-0	1.52	-0.78	-2.3	0.82	1.58	4.16	1.48	-1.5	6.08	2.9	2.04	1.52	-0.02	5.64	1.8	1.08	1.34	-1.02	0.68	10.86	0.12	1.24	42.22	-0.92	-0.58	2.24	3.84	1.4	-0.42	-1.18	0.4	3.04	2.34	1.32	0.7	1.8	1.94	1.96	1.4	0.88	-0.36	-1.46	-0.74	0.94	0.3	1.66	14.22	1.22	1.44	-0.4	-2	1.56	1.16	1.5	1	-0.46	12.2	2.74	0.84	0.3	-0	-0	-0	-0	-0	-0	-0	-0	
5	58	-0.48	-0.02	-0	0.52	-1.52	-0	-0.12	-2.26	-0	-0.8	-0	-0	-2.48	-0	-0	-0	-0	-0.6	-0	-0	-0.54	-0	-0.64	-0	-0	-0.64	-0	54.58	-1.42	-0.62	-0	1.44	-0	-1.28	-2.64	-0.64	-0	-0.22	-0	-0	-0	-0	-0	-0	-0	-0.28	-2.04	-2.44	-0.16	-0.48	-0	-0	-0	-0	-2.4	-2.08	-0.08	-1.08	-0	-0	-0.68	-0	1.2	-0	-0.96	-0	-0	-0	42.48	-0	-0	-0	-0	
6	55	-0.82	-4.62	-0	5.88	0.78	0.12	-0	0.88	0.06	-0.4	1.02	0.56	-0.44	0.24	0.24	-0	0.42	-3.22	1.56	-0	-0.82	0.2	1.36	0.26	2.06	-0.72	0.22	50.4	-2.9	0.6	0.7	1.52	-0.76	1.06	1.68	-0.1	0.32	1.32	-0	-0	-0.1	0.8	0.6	0.24	0.24	0.08	-2.14	0.84	-2.08	-0.72	0.06	3.86	0.36	0.42	-0.56	1.36	-0.9	-2.18	0.2	0.14	-1.18	3.36	0.58	-0	-0.36	-0	43.2	-0	-0	-0	-0	-0	-0	
7	53	-0.02	-25.72	-0	11.28	2.3	2.26	-0.88	-0	1.68	4.9	3.32	2.2	0.24	5.34	3.36	1.58	3.1	3.26	5.66	1.94	3.42	1.72	0.1	1.62	17.24	2.48	2.72	41.04	1.66	3.14	3.06	3.6	2.26	0.38	-0.26	0.68	5.54	3.42	1.64	2.64	1.74	2.66	2.2	1.8	1.32	1.82	1.44	0.52	2.28	0.34	2.94	19.16	2.04	2.38	-0.24	0.32	3.82	2.54	2.14	1.9	1.16	17.14	3.4	1.56	2.28	-0	-0	47.52	-0	-0	-0	-0	-0	
8	933	-0.26	0.26	-0	1.44	-0.82	-0	-0.06	-1.68	-0	-0.72	-0	-0	-0.8	-0	0.96	-0	-0	-0.12	-0	-0	-0.44	-0	-0.92	-0	-0.16	-0.4	-0	55.2	-0.76	-1.32	-0	0.72	-0	-0.96	-1.48	-0.58	-0	-0.22	-0	-0	-0	-0.14	-0	-0	-0	-0.6	-1.8	-2.72	-0.16	-0.92	-0	-0	-0	-0	-0.8	-2.14	-0	-1	-0	-0	-1	-0	-0	-0	-1.62	35.1	-0	-0	-0	-0	-0	-0	-0	
9	147	-1.04	-8.68	-0	2.44	-1.58	0.8	0.4	-4.9	0.72	-0	1.76	1.04	-4.1	0.72	0.64	1.12	0.36	0.16	4.36	1.28	1.56	0.8	-1.48	0.6	6.7	-1.56	1.12	46.36	-0.5	-2.44	0.92	3.28	1.32	-1.56	-4.88	-1.42	1.04	1.52	0.6	0.32	1.12	0.84	0.8	0.12	0.52	-0.56	-3.8	-3.32	0.16	-1.24	0.8	8.44	0.24	1.04	-3.42	-3.86	2.28	-0.44	1.16	0.56	-1.84	7.64	2.12	0.32	-0.66	-0	-0	-0	-0	-0	69.84	-0	-0	
10	54	-1.3	-2.08	-0	-1.24	-4.16	-0	-1.02	-3.32	-0	-1.76	-0	-0	-3.56	-0	-0	-0	-0	-2.76	-0	-0	-2.62	-0	-3.44	-0	-0.8	-0.92	-0	51.6	-2.86	-3.86	-0	0.48	-1.6	-3.28	-3.5	-1.24	-0	-2.6	-0	-0	-0.8	-0.88	-0	-0	-0	-2.56	-3.36	-4.3	-3	-1.92	-0	-0	-0	-0	-4.04	-3.38	-2.24	-2.56	-0	-0	-2.36	-0	0.96	-0	-3	-0	38.16	-0	-0	-0	-0	-0	-0	
11	54	-0.46	-0.18	-0	0.08	-1.48	-0	-0.56	-2.2	-0	-1.04	-0	-0	-2.26	-0	-0	-0	-0	-1.1	-0	-0	-0.48	-0	-1.64	-0	-0.32	-0.62	-0	53.24	-0.72	-1.4	-0	-0	-0.48	-1.32	-1.76	-0.38	-0	-1.08	-0	-0	-0.24	-0.56	-0	-0	-0	-1.12	-1.76	-2.06	-0.96	-1.12	-0	-0	-0	-0	-1.98	-2.34	-0.8	-1.08	-0	-0	-0.48	-0	-0	-0	-1.42	-0	-0	-0	33.12	-0	-0	-0	-0	
12	0	-0.1	-22.1	-0	11.58	1.5	2.48	0.44	-0.24	0.8	4.1	3.56	2.26	-0	2.36	2.68	1.7	1.18	1.58	6.82	2.74	4.08	1.48	-0.52	1.66	13.44	2.2	1.48	43.76	1.98	1.46	3.4	2.28	1.04	-0.24	0.38	0.82	4.42	4.46	1.26	1.7	2.14	1.14	1.98	1.96	1.5	1.12	0.42	1	2.92	1.4	2.64	15.94	1	1.32	0.92	0.14	3.06	2.38	1.48	0.84	1.02	14.28	1.3	2.02	2.56	-0	-0	34.92	-0	-0	-0	-0	-0	
13	1392	-0.44	0.2	-0	-1.08	-6.08	-0	-0.24	-5.34	-0	-0.72	-0	-0	-2.36	-0	-0	-0	0.18	-0.88	-0	-0.18	-1.24	-0	-1.36	-0	-0.24	-0.88	-0	52.44	-5.9	-1.52	-0	0.96	-0.32	-1.36	-1.84	-0.66	-0	-0.72	-0	-0	-0.16	-0.24	-0	-0	-0	-0.8	-2.42	-3.74	-0.8	-3.1	-0	-0	-0	-0	-4.68	-3.12	-0.24	-1.12	-0	-0	-0.48	-0	-0.18	-0	-1.24	103.5	-0	-0	-0	-0	-0	-0	-0	
14	70	-0.52	-0.18	77.4	0.32	-2.9	-0	-0.24	-3.36	-0.96	-0.64	-0	-0	-2.68	-0	-0	-0	-0	-0.7	-0.96	-0.96	-2.14	-0.96	-1.8	-0	-0.16	-0.62	-0	53.22	-0.24	-2.32	-0.78	-4.16334e-17	-0.48	-1.52	-1.78	-1.64	-0	-0.14	-0	-0	-0	-1.14	-0	-0	-0	-0.92	-1.82	-2.38	-0.68	-1.28	-0.96	-0	-0	-0	-1.9	-3.16	-0.62	-1.4	-0	-0	-0.76	-0	-0.96	-0.96	-1.6	-0	-0	-0	-0	-0	-0	-0	-0	
15	58	-0.16	0.1	-0	1.78	-2.04	-0	-0	-1.58	-0	-1.12	-0	-0	-1.7	-0	-0	-0	-0	-0	-0	-0	-0.68	-0	-0.88	-0	-0.08	-0.62	-0	54.44	-0.6	-0.9	-0	0.24	-0	-0.96	-1.64	-0.54	-0	-0.16	-0	-0	-0	-0	-0	-0	-0	-0.28	-0.62	-1.12	-0	-0.32	-0	-0	-0	-0	-1.3	-0.98	-0	-1.04	-0	-0	-1.52	-0	0.96	-0	-1.02	-0	-0	-0	35.46	-0	-0	-0	-0	
16	57	-0.44	0.4	-0	1.1	-1.52	-0	-0.42	-3.1	-0	-0.36	-0	-0	-1.18	-0.18	-0	-0	-0	-0.32	-0	-0	-4.86	-0	-1.88	-0	-0.06	-0.28	-0	51.22	-1.08	-5.48	-0.18	0.72	-0	-1.36	-1.22	-0.2	-0	-0	-0	-0	-0	-0.16	-0	-0	-0	-0.12	-1.08	-1.7	-0.16	-0.72	-0	-0	-0	-0	-1.14	-1.4	-4.26	-0.92	-0	-0	-1.08	-0	0.96	-0	-0.6	-0	101.26	-0	-0	-0	-0	-0	-0	
17	53	0.3	-6.02	53.46	5.62	0.02	0.6	3.22	-3.26	0.12	-0.16	2.76	1.1	-1.58	0.88	0.7	-0	0.32	-0	4.88	0.64	2.54	0.26	-1.08	0.46	5.6	0.26	0.28	53.18	-0.3	-1.62	6.54	3.18	0.64	-0.98	-1.12	-0.48	0.7	2.78	0.32	0.16	1.14	0.5	0.46	0.22	0.12	-0.12	-0.92	-3.04	-0.28	-0.4	0.84	8.36	0.2	0.36	-1.7	-1.38	0.66	0.34	0.22	0.4	-1.48	6.06	0.56	0.28	0.72	-0	-0	-0	-0	-0	-0	-0	-0	
18	57	-1.84	-5.14	63	-3.06	-5.64	-0	-1.56	-5.66	-0	-4.36	-0	-0	-6.82	-0	0.96	-0	-0	-4.88	-0	-0	-5.24	-0	-6.08	-0	-1.56	-2.52	-0	51.58	-5.44	-5.46	0.18	1.2	-2.88	-3.96	-5.76	-2	-0	-4.96	-0	-0	-1.44	-1.44	-0	-0	-0	-3.16	-6.4	-6.68	-4.48	-3.4	-0	-0	-0	-0	-6.82	-7.28	-4.48	-4.64	-0	-0	-4.04	-0	-0	-0	-5.12	-0	-0	-0	-0	-0	-0	-0	-0	
19	57	-0.4	-0.16	-0	0.48	-1.8	-0	-0	-1.94	-0	-1.28	-0	-0	-2.74	0.18	0.96	-0	-0	-0.64	-0	-0	-0.46	-0	-1.52	-0	-0	-0.78	-0	57.6	-1.4	-1.34	-0	0.96	-0	-1.32	-1.8	-1.18	-0	-0.32	-0	-0	-0	-0.08	-0	-0	-0	-1.04	-1.42	-2.76	-0.6	-0.64	-0	-0	-0	-0	-1.64	-1.48	-0.08	-1.64	-0	-0	-0.52	-0	-0	-0	-0.72	-0	-0	-0	-0	53.1	-0	-0	-0	
20	1167	-1.38	-8.04	-0	3.48	-1.08	0.54	0.82	-3.42	0.44	-1.56	2.62	0.48	-4.08	1.24	2.14	0.68	4.86	-2.54	5.24	0.46	-0	0.14	-2.76	0.56	4.46	-1.04	-0.66	47.42	-2.42	-3.28	1.08	2.44	0.64	-2.48	-4.72	-1.3	1.14	1.88	0.58	0.14	0.58	-0.32	0.32	0.6	-0.46	-2.48	-2.72	-4.62	-0.94	-1.02	0.54	8.32	0.32	-0.56	-4.88	-3.38	-0.06	-0.4	0.52	0.34	-1.52	7.66	0.46	0.34	-2.76	-0	-0	58.32	-0	-0	-0	-0	-0	
21	59	-0.28	0.52	-0	1.32	-1.34	-0	-0.2	-1.72	-0	-0.8	-0	-0	-1.48	-0	0.96	-0	-0	-0.26	-0	-0	-0.14	-0	-1.4	-0	-0.28	-0.66	-0	56.1	-0.32	-1.6	-0	1.68	-0	-1.08	-1.66	-1.06	-0	-0.16	-0	-0	-0	-0.24	-0	-0	-0	-1.2	-1.5	-1.94	-0.24	-0.24	-0	-0	-0	-0	-2.38	-1.32	-0.08	-0.52	-0	-0	-0.44	-0	-0	-0	-1.16	-0	-0	-0	36	-0	-0	-0	-0	
22	61	1.82	-9.54	-0	11.36	1.02	0.64	-1.36	-0.1	0.92	1.48	3.44	1.64	0.52	1.36	1.8	0.88	1.88	1.08	6.08	1.52	2.76	1.4	-0	1.12	10.72	1.56	0.68	45.08	-0.4	0.5	2.08	3.16	0.98	-0.36	0.12	0.1	2.92	2.88	1	1.32	1.68	0.98	0.96	0.56	0.66	0.76	-1.1	0.16	0.48	1.28	1.64	13.6	1.16	1.04	0.24	-0.48	1.84	1.48	1.6	1.28	0.16	11.92	2.14	1.52	1.24	-0	35.46	-0	-0	-0	-0	-0	-0	
23	53	-0.3	-0.2	-0	-0.04	-0.68	-0	-0.26	-1.62	-0	-0.6	-0	-0	-1.66	-0	-0	-0	-0	-0.46	-0	-0	-0.56	-0	-1.12	-0	-0	-0.84	-0	50.48	-0.46	-1.1	-0	1.2	-0	-1.16	-1.3	-0.44	-0	-0.32	-0	-0	-0	-0.16	-0	-0	-0	-0.32	-1.52	-2.38	-0.72	-1	-0	-0	-0	-0	-1.9	-1.06	-0.16	-1.36	-0	-0	-1	-0	0.96	-0	-0.78	-0	-0	-0	-0	-0	-0	42.84	-0	
24	57	-3.64	-8.2	-0	-10.78	-10.86	-0	-2.06	-17.24	0.16	-6.7	0.8	0.32	-13.44	0.24	0.16	0.08	0.06	-5.6	1.56	-0	-4.46	0.28	-10.72	-0	-0	-3.96	-0	37.74	-6.74	-10.7	0.8	1.52	-1.36	-9.08	-11.68	-3.8	0.16	-3.14	-0	-0	-0.64	-1.1	0.16	0.08	0.08	-4.44	-10.98	-15.24	-4.56	-5.52	0.24	2.48	0.14	0.08	-12.84	-13.48	-1.28	-6.78	0.08	-0	-6.66	1.76	1	-0	-7.84	-0	-0	-0	45.36	-0	-0	-0	-0	
25	53	0.1	-3.98	-0	3.42	-0.12	0.64	0.72	-2.48	0.4	1.56	0.92	0.62	-2.2	0.88	0.62	0.62	0.28	-0.26	2.52	0.78	1.04	0.66	-1.56	0.84	3.96	-0	0.4	48.9	-0.04	-0.7	0.96	0.66	0.8	-0.36	-0.62	-0.24	0.82	1.34	0.26	0.66	0.66	0.6	0.6	0.58	0.5	-0.8	-1.62	-1.9	0.1	0.54	1.02	5.2	0.3	0.62	-0.42	-1.84	0.9	0.12	0.42	0.46	-0.5	4.66	0.94	0.32	0.12	-0	-0	-0	45.36	-0	-0	-0	-0	
26	54	-0.22	-0.28	-0	0.98	-1.24	-0	-0.22	-2.72	-0	-1.12	-0	-0	-1.48	-0	-0	-0	-0	-0.28	-0	-0	0.66	-0	-0.68	-0	-0	-0.4	-0	56.82	-0.38	-1.68	-0	0.48	-0	-1.32	-1.76	-0.62	-0	-0.08	-0	-0	-0	-0.08	-0	-0	-0	-0.28	-1.36	-2.18	-0.16	-0.36	-0	-0	-0	-0	-1.98	-1.46	-0.08	-0.72	-0	-0	-0.4	-0	-0	-0	-0.8	-0	-0	-0	36	-0	-0	-0	-0	
27	0	-49.74	-70.8	-0	-28.76	-42.22	-54.58	-50.4	-41.04	-55.2	-46.36	-51.6	-53.24	-43.76	-52.44	-53.22	-54.44	-51.22	-53.18	-51.58	-57.6	-47.42	-56.1	-45.08	-50.48	-37.74	-48.9	-56.82	-0	-51.22	-43.88	-53.26	-54.2	-52.62	-42.62	-44.24	-51.16	-53.54	-47.72	-52.02	-52.48	-50.28	-51.84	-50.32	-51.76	-52.72	-46.9	-42.7	-43.18	-50.54	-49.02	-50.18	-33.12	-56.62	-50.2	-43.94	-45.42	-51.14	-44.52	-52.1	-52.1	-44.96	-37.62	-55.12	-56.3	-46.92	-0	-0	53.64	-0	-0	-0	-0	-0	
28	1366	0.68	-5.36	-0	6.68	0.92	1.42	2.9	-1.66	0.76	0.5	2.86	0.72	-1.98	5.9	0.24	0.6	1.08	0.3	5.44	1.4	2.42	0.32	0.4	0.46	6.74	0.04	0.38	51.22	-0	-0.74	0.92	3.42	0.94	-0.98	-1.06	0.16	0.92	2.8	0.56	0.2	0.98	0.3	0.66	0.32	1.42	0.82	-0.88	-2.02	0.3	-0.16	0.94	9.28	0.58	0.74	-0.6	-1.88	1.24	2.2	0.24	0.46	0.12	7.96	2.36	0.48	0.26	-0	-0	-0	-0	42.66	-0	-0	-0	
29	589	-0.4	-17.26	-0	7.8	0.58	0.62	-0.6	-3.14	1.32	2.44	3.86	1.4	-1.46	1.52	2.32	0.9	5.48	1.62	5.46	1.34	3.28	1.6	-0.5	1.1	10.7	0.7	1.68	43.88	0.74	-0	1.98	3.56	1.48	-0.8	-1.76	0.5	3.3	3.1	0.7	1.5	1.66	1.66	2.18	1.28	1.48	1.06	-0.98	-1.04	1.76	0.22	1.58	14.56	0.92	0.54	0.14	0.36	2.86	0.56	1.36	1.48	-0.64	12.44	1.26	1.86	1.24	-0	-0	55.26	-0	-0	-0	-0	-0	
30	232	-0.58	-4.12	-0	-0.7	-2.24	-0	-0.7	-3.06	-0	-0.92	-0	-0	-3.4	-0	0.78	-0	0.18	-6.54	-0.18	-0	-1.08	-0	-2.08	-0	-0.8	-0.96	-0	53.26	-0.92	-1.98	-0	0.48	-0.32	-1.48	-1.9	-0.7	-0	-0.9	-0	-0	-0.16	-0.4	-0	-0	-0	-1.16	-4.26	-4.5	-5.5	-0.64	-0.18	-0	-0	-0	-3.62	-2.86	-0.16	-1.48	-0	-0	-0.64	-0	-0	-0.18	-2.82	103.36	-0	-0	-0	-0	-0	-0	-0	
31	56	-0.7	-2.74	-0	-0.26	-3.84	-1.44	-1.52	-3.6	-0.72	-3.28	-0.48	-0	-2.28	-0.96	4.16334e-17	-0.24	-0.72	-3.18	-1.2	-0.96	-2.44	-1.68	-3.16	-1.2	-1.52	-0.66	-0.48	54.2	-3.42	-3.56	-0.48	-0	-0.24	-1.04	-2.2	-3.16	-1.2	-2.3	-0.48	-0.96	-0.38	-2.7	-0.48	-0.72	-0	-1.52	-3.12	-1.78	-2.24	-0.92	-0.96	-0	-0.24	-0.72	-1.78	-2	-1.32	-3.08	-1.2	-0.24	-1.72	-0	-0.72	-0.24	-2.36	61.02	-0	-0	-0	-0	-0	-0	-0	
32	917	-0.74	-1.42	-0	2.56	-1.4	-0	0.76	-2.26	-0	-1.32	1.6	0.48	-1.04	0.32	0.48	-0	-0	-0.64	2.88	-0	-0.64	-0	-0.98	-0	1.36	-0.8	-0	52.62	-0.94	-1.48	0.32	0.24	-0	-1.88	-1.56	-0.8	0.32	3.74	-0	-0	0.32	-0.24	-0	-0	-0	-0.28	-1.94	-1.94	-2	-0.48	-0	3.36	-0	-0	-1.14	-2.16	0.32	-1.36	-0	-0	-1	2.4	-0	-0	-1.14	-0	-0	48.22	-0	-0	-0	-0	-0	
33	57	0.14	-12.28	-0	7.04	0.42	1.28	-1.06	-0.38	0.96	1.56	3.28	1.32	0.24	1.36	1.52	0.96	1.36	0.98	3.96	1.32	2.48	1.08	0.36	1.16	9.08	0.36	1.32	42.62	0.98	0.8	1.48	1.04	1.88	-0	-0.1	0.42	3.12	1.84	1	1.24	1.4	1.5	1.4	0.68	0.56	1.36	0.5	0.68	1.32	0.56	1.56	10.88	0.84	0.56	0.22	0.08	1.96	1.08	1.24	1.12	1.16	9.8	1.48	0.84	1.78	-0	-0	-0	-0	25.02	-0	-0	-0	
34	886	0.7	-12.28	-0	9.32	1.18	2.64	-1.68	0.26	1.48	4.88	3.5	1.76	-0.38	1.84	1.78	1.64	1.22	1.12	5.76	1.8	4.72	1.66	-0.12	1.3	11.68	0.62	1.76	44.24	1.06	1.76	1.9	2.2	1.56	0.1	-0	0.46	2.18	3.4	1.12	0.82	1.88	1.48	1.38	1.26	1.2	1.88	0.12	0.24	0.54	-0.16	2.28	15.18	1.02	1.44	1.32	1.14	2.74	2.74	1.22	1.38	0.42	13.3	1.52	1.2	1.58	32.4	-0	-0	-0	-0	-0	-0	-0	
35	1134	0.4	-5.04	-0	3.98	-0.4	0.64	0.1	-0.68	0.58	1.42	1.24	0.38	-0.82	0.66	1.64	0.54	0.2	0.48	2	1.18	1.3	1.06	-0.1	0.44	3.8	0.24	0.62	51.16	-0.16	-0.5	0.7	3.16	0.8	-0.42	-0.46	-0	1.04	1.22	0.42	0.6	0.22	0.52	0.54	0.7	0.14	0.56	-0.44	-0.98	0.34	0.28	0.88	5.64	0.42	0.26	-0.16	-0.36	0.9	0.72	0.44	0.32	-0.32	5.02	0.56	0.76	0.44	-0	-0	-0	-0	-0	-0	31.32	-0	
36	55	-0.22	-0.44	-0	-2.08	-3.04	-0	-0.32	-5.54	-0	-1.04	-0	-0	-4.42	-0	-0	-0	-0	-0.7	-0	-0	-1.14	-0	-2.92	-0	-0.16	-0.82	-0	53.54	-0.92	-3.3	-0	1.2	-0.32	-3.12	-2.18	-1.04	-0	-0.64	-0	-0	-0.16	-0.16	-0	-0	-0	-0.32	-2.68	-5.96	-0.88	-0.6	-0	-0	-0	-0	-3.04	-4.32	-0.56	-1.04	-0	-0	-0.8	-0	0.48	-0	-1.96	-0	-0	-0	61.92	-0	-0	-0	-0	
37	56	-0.96	-4.22	-0	4.12	-2.34	0.22	-1.32	-3.42	0.22	-1.52	2.6	1.08	-4.46	0.72	0.14	0.16	-0	-2.78	4.96	0.32	-1.88	0.16	-2.88	0.32	3.14	-1.34	0.08	47.72	-2.8	-3.1	0.9	2.3	-3.74	-1.84	-3.4	-1.22	0.64	-0	0.26	-0	0.54	-1	0.2	0.4	0.16	-1.82	-3.1	-4.7	-2.36	-1.26	0.4	7.2	0.36	0.3	-3.42	-5.34	-1.32	-1.04	0.3	-0	-1.66	5.1	1.96	0.14	-5.04	-0	105.12	-0	-0	-0	-0	-0	-0	
38	55	-0.18	0.36	-0	1.04	-1.32	-0	-0	-1.64	-0	-0.6	-0	-0	-1.26	-0	-0	-0	-0	-0.32	-0	-0	-0.58	-0	-1	-0	-0	-0.26	-0	52.02	-0.56	-0.7	-0	0.48	-0	-1	-1.12	-0.42	-0	-0.26	-0	-0	-0	-0.14	-0	-0	-0	-0.44	-0.46	-1.78	-0	-0.68	-0	-0	-0	-0	-1.08	-0.88	-0.08	-1.2	-0	-0	-0.12	-0	0.96	-0	-0.48	-0	-0	-0	-0	-0	33.66	-0	-0	
39	760	-0.32	-0.1	-0	1.8	-0.7	-0	-0	-2.64	-0	-0.32	-0	-0	-1.7	-0	-0	-0	-0	-0.16	-0	-0	-0.14	-0	-1.32	-0	-0	-0.66	-0	52.48	-0.2	-1.5	-0	0.96	-0	-1.24	-0.82	-0.6	-0	-0	-0	-0	-0	-0	-0	-0	-0	-0.16	-0.68	-2.26	-0.12	-0.12	-0	-0	-0	-0	-1.34	-1.64	-0	-0.32	-0	-0	-0.84	-0	0.96	-0	-0.66	-0	-0	-0	-0	-0	32.22	-0	-0	
40	496	-0.38	0.24	-0	1.78	-1.8	-0	0.1	-1.74	-0	-1.12	0.8	0.24	-2.14	0.16	-0	-0	-0	-1.14	1.44	-0	-0.58	-0	-1.68	-0	0.64	-0.66	-0	50.28	-0.98	-1.66	0.16	0.38	-0.32	-1.4	-1.88	-0.22	0.16	-0.54	-0	-0	-0	-0.54	-0	-0	-0	-1.08	-2.6	-2.18	-0.8	-1.76	-0	1.84	-0	-0	-1.54	-2.48	-0.16	-0.92	-0	-0	-0.8	1.36	-0	-0	-2.12	-0	33.48	-0	-0	-0	-0	-0	-0	
41	0	0.22	-0.92	-0	2.32	-1.94	-0	-0.8	-2.66	0.14	-0.84	0.88	0.56	-1.14	0.24	1.14	-0	0.16	-0.5	1.44	0.08	0.32	0.24	-0.98	0.16	1.1	-0.6	0.08	51.84	-0.3	-1.66	0.4	2.7	0.24	-1.5	-1.48	-0.52	0.16	1	0.14	-0	0.54	-0	0.16	0.24	0.32	-0.16	-1.38	-2.66	-0.32	-0.32	0.82	2.68	0.06	0.08	-2.34	-1.02	0.24	-0.92	0.12	0.06	-0.08	1.96	0.24	0.08	-0.6	-0	-0	-0	-0	-0	-0	42.84	-0	
42	58	-0.48	0.2	-0	0.62	-1.96	-0	-0.6	-2.2	-0	-0.8	-0	-0	-1.98	-0	-0	-0	-0	-0.46	-0	-0	-0.32	-0	-0.96	-0	-0.16	-0.6	-0	50.32	-0.66	-2.18	-0	0.48	-0	-1.4	-1.38	-0.54	-0	-0.2	-0	-0	-0	-0.16	-0	-0	-0	-0.6	-2.58	-1.76	-0.72	-0	-0	-0	-0	-0	-1.7	-1.84	-0.08	-1.04	-0	-0	-1.16	-0	0.96	-0	-0.26	-0	-0	-0	-0	-0	40.68	-0	-0	
43	55	-0.38	0.04	-0	1.1	-1.4	-0	-0.24	-1.8	-0	-0.12	-0	-0	-1.96	-0	-0	-0	-0	-0.22	-0	-0	-0.6	-0	-0.56	-0	-0.08	-0.58	-0	51.76	-0.32	-1.28	-0	0.72	-0	-0.68	-1.26	-0.7	-0	-0.4	-0	-0	-0	-0.24	-0	-0	-0	-0.76	-0.96	-0.84	-0.32	-0.72	-0	-0	-0	-0	-1.24	-1.42	-0.16	-0.52	-0	-0	-1.2	-0	0.48	-0	-1.52	-0	-0	-0	-0	-0	-0	34.74	-0	
44	0	-0.16	0.02	-0	0.56	-0.88	-0	-0.24	-1.32	-0	-0.52	-0	-0	-1.5	-0	-0	-0	-0	-0.12	-0	-0	0.46	-0	-0.66	-0	-0.08	-0.5	-0	52.72	-1.42	-1.48	-0	-0	-0	-0.56	-1.2	-0.14	-0	-0.16	-0	-0	-0	-0.32	-0	-0	-0	-0.6	-1.7	-1.7	-0.32	-0.72	-0	-0	-0	-0	-1.64	-0.96	-0.16	-0.68	-0	-0	-0.52	-0	-0	-0	-1.1	-0	-0	-0	-0	-0	32.94	-0	-0	
45	0	6.93889e-18	-2.76	-0	4.24	0.36	0.28	-0.08	-1.82	0.6	0.56	2.56	1.12	-1.12	0.8	0.92	0.28	0.12	0.12	3.16	1.04	2.48	1.2	-0.76	0.32	4.44	0.8	0.28	46.9	-0.82	-1.06	1.16	1.52	0.28	-1.36	-1.88	-0.56	0.32	1.82	0.44	0.16	1.08	0.16	0.6	0.76	0.6	-0	-1.04	-1.62	-0.88	-0.84	1.6	6.44	-0	0.28	-1.56	-2.06	1.16	1.44	0.76	0.16	-0.8	5.32	0.88	0.56	0.66	-0	-0	-0	-0	-0	34.74	-0	-0	
46	0	1.06	-10.14	-0	9.72	1.46	2.04	2.14	-1.44	1.8	3.8	3.36	1.76	-0.42	2.42	1.82	0.62	1.08	0.92	6.4	1.42	2.72	1.5	1.1	1.52	10.98	1.62	1.36	42.7	0.88	0.98	4.26	3.12	1.94	-0.5	-0.12	0.44	2.68	3.1	0.46	0.68	2.6	1.38	2.58	0.96	1.7	1.04	-0	-1.1	0.96	0.32	1.34	13.96	1.62	0.9	1.08	-0.38	3.08	2.62	0.98	1.34	0.7	12.42	2.48	0.94	1.98	-0	-0	-0	-0	43.92	-0	-0	-0	
47	365	0.68	-19.26	-0	12.14	0.74	2.44	-0.84	-0.52	2.72	3.32	4.3	2.06	-1	3.74	2.38	1.12	1.7	3.04	6.68	2.76	4.62	1.94	-0.16	2.38	15.24	1.9	2.18	43.18	2.02	1.04	4.5	1.78	1.94	-0.68	-0.24	0.98	5.96	4.7	1.78	2.26	2.18	2.66	1.76	0.84	1.7	1.62	1.1	-0	1.34	1.94	4.64	18.86	1.6	1.02	0.54	-0.88	3.92	3.02	1.42	1.76	1.66	17.1	2.18	1.8	2.64	49.68	-0	-0	-0	-0	-0	-0	-0	
48	50	0.72	-3.04	-0	5.4	-0.94	0.16	2.08	-2.28	0.16	-0.16	3	0.96	-2.92	0.8	0.68	-0	0.16	0.28	4.48	0.6	0.94	0.24	-0.48	0.72	4.56	-0.1	0.16	50.54	-0.3	-1.76	5.5	2.24	2	-1.32	-0.54	-0.34	0.88	2.36	-0	0.12	0.8	0.32	0.72	0.32	0.32	0.88	-0.96	-1.34	-0	-0.12	0.92	6.96	0.16	0.16	0.16	-0.8	1.04	0.44	0.24	0.28	-0.36	5.72	0.92	0.16	0.56	-0	-0	-0	-0	45.72	-0	-0	-0	
49	54	0.02	-7.52	-0	3.88	-0.3	0.48	0.72	-0.34	0.92	1.24	1.92	1.12	-1.4	3.1	1.28	0.32	0.72	0.4	3.4	0.64	1.02	0.24	-1.28	1	5.52	-0.54	0.36	49.02	0.16	-0.22	0.64	0.92	0.48	-0.56	0.16	-0.28	0.6	1.26	0.68	0.12	1.76	0.32	-0	0.72	0.72	0.84	-0.32	-1.94	0.12	-0	0.76	7	0.44	1	-0.42	-1.2	1.28	0.24	0.56	0.44	-0.2	6.96	0.68	0.16	0.3	-0	-0	-0	-0	52.92	-0	-0	-0	
50	57	-0.72	0.2	-0	1.64	-1.66	-0	-0.06	-2.94	-0	-0.8	-0	-0	-2.64	-0	0.96	-0	-0	-0.84	-0	-0	-0.54	-0	-1.64	-0	-0.24	-1.02	-0	50.18	-0.94	-1.58	0.18	0.96	-0	-1.56	-2.28	-0.88	-0	-0.4	-0	-0	-0	-0.82	-0	-0	-0	-1.6	-1.34	-4.64	-0.92	-0.76	-0	-0	-0	-0	-2.68	-3.84	-0.24	-1.04	-0	-0	-1.24	-0	-0	-0	-1.22	-0	-0	-0	-0	55.04	-0	-0	-0	
51	56	-4.66	-10.28	-0	-16.06	-14.22	-0	-3.86	-19.16	-0	-8.44	-0	-0	-15.94	-0	-0	-0	-0	-8.36	-0	-0	-8.32	-0	-13.6	-0	-2.48	-5.2	-0	33.12	-9.28	-14.56	-0	-0	-3.36	-10.88	-15.18	-5.64	-0	-7.2	-0	-0	-1.84	-2.68	-0	-0	-0	-6.44	-13.96	-18.86	-6.96	-7	-0	-0	-0	-0	-15.76	-15.8	-4.32	-8.96	-0	-0	-8.04	-0	-0	-0	-11.04	-0	52.92	-0	-0	-0	-0	-0	-0	
52	54	-0.36	-0.28	-0	0.92	-1.22	-0	-0.36	-2.04	-0	-0.24	-0	-0	-1	-0	-0	-0	-0	-0.2	-0	-0	-0.32	-0	-1.16	-0	-0.14	-0.3	-0	56.62	-0.58	-0.92	-0	0.24	-0	-0.84	-1.02	-0.42	-0	-0.36	-0	-0	-0	-0.06	-0	-0	-0	-0	-1.62	-1.6	-0.16	-0.44	-0	-0	-0	-0	-1.3	-1.72	-0	-0.64	-0	-0	-0.72	-0	0.96	-0	-0.94	-0	-0	-0	-0	-0	-0	34.56	-0	
53	54	-0.34	0.54	-0	1.04	-1.44	-0	-0.42	-2.38	-0	-1.04	-0	-0	-1.32	-0	-0	-0	-0	-0.36	-0	-0	0.56	-0	-1.04	-0	-0.08	-0.62	-0	50.2	-0.74	-0.54	-0	0.72	-0	-0.56	-1.44	-0.26	-0	-0.3	-0	-0	-0	-0.08	-0	-0	-0	-0.28	-0.9	-1.02	-0.16	-1	-0	-0	-0	-0	-1.2	-1.94	-0	-1.2	-0	-0	-0.72	-0	0.24	-0	-0.86	-0	-0	-0	-0	-0	-0	37.44	-0	
54	0	0.74	-20.46	45.72	9.56	0.4	2.4	0.56	0.24	0.8	3.42	4.04	1.98	-0.92	4.68	1.9	1.3	1.14	1.7	6.82	1.64	4.88	2.38	-0.24	1.9	12.84	0.42	1.98	43.94	0.6	-0.14	3.62	1.78	1.14	-0.22	-1.32	0.16	3.04	3.42	1.08	1.34	1.54	2.34	1.7	1.24	1.64	1.56	-1.08	-0.54	-0.16	0.42	2.68	15.76	1.3	1.2	-0	0.44	3	2.62	1.38	1.12	0.66	14	2.54	1.42	3	-0	-0	-0	-0	-0	-0	-0	-0	
55	1124	0.94	-16.44	-0	10.56	2	2.08	-1.36	-0.32	2.14	3.86	3.38	2.34	-0.14	3.12	3.16	0.98	1.4	1.38	7.28	1.48	3.38	1.32	0.48	1.06	13.48	1.84	1.46	45.42	1.88	-0.36	2.86	2	2.16	-0.08	-1.14	0.36	4.32	5.34	0.88	1.64	2.48	1.02	1.84	1.42	0.96	2.06	0.38	0.88	0.8	1.2	3.84	15.8	1.72	1.94	-0.44	-0	1.68	3.26	1.42	1.2	-0.28	15.04	2.12	1.32	1.48	-0	-0	49.28	-0	-0	-0	-0	-0	
56	418	-0.9	-0.4	-0	2.78	-1.56	0.08	0.9	-3.82	-0	-2.28	2.24	0.8	-3.06	0.24	0.62	-0	4.26	-0.66	4.48	0.08	0.06	0.08	-1.84	0.16	1.28	-0.9	0.08	51.14	-1.24	-2.86	0.16	1.32	-0.32	-1.96	-2.74	-0.9	0.56	1.32	0.08	-0	0.16	-0.24	0.08	0.16	0.16	-1.16	-3.08	-3.92	-1.04	-1.28	0.24	4.32	-0	-0	-3	-1.68	-0	-1.52	-0	-0	-1.84	3.44	0.08	0.08	-1.56	52.52	-0	-0	-0	-0	-0	-0	-0	
57	55	-0.88	-8.82	-0	4.26	-1.16	1.08	2.18	-2.54	1	0.44	2.56	1.08	-2.38	1.12	1.4	1.04	0.92	-0.34	4.64	1.64	0.4	0.52	-1.48	1.36	6.78	-0.12	0.72	44.52	-2.2	-0.56	1.48	3.08	1.36	-1.08	-2.74	-0.72	1.04	1.04	1.2	0.32	0.92	0.92	1.04	0.52	0.68	-1.44	-2.62	-3.02	-0.44	-0.24	1.04	8.96	0.64	1.2	-2.62	-3.26	1.52	-0	1.08	0.52	-1.4	8.68	1.36	0.44	-1.82	-0	-0	-0	-0	-0	60.12	-0	-0	
58	53	-0.18	0.26	-0	1.34	-1.5	-0	-0.2	-2.14	-0	-1.16	-0	-0	-1.48	-0	-0	-0	-0	-0.22	-0	-0	-0.52	-0	-1.6	-0	-0.08	-0.42	-0	52.1	-0.24	-1.36	-0	1.2	-0	-1.24	-1.22	-0.44	-0	-0.3	-0	-0	-0	-0.12	-0	-0	-0	-0.76	-0.98	-1.42	-0.24	-0.56	-0	-0	-0	-0	-1.38	-1.42	-0	-1.08	-0	-0	-1.2	-0	1.2	-0	-0.84	-0	-0	-0	-0	-0	-0	34.38	-0	
59	60	-0.3	0.42	-0	0.5	-1	-0	-0.14	-1.9	-0	-0.56	-0	-0	-0.84	-0	-0	-0	-0	-0.4	-0	-0	-0.34	-0	-1.28	-0	-0	-0.46	-0	52.1	-0.46	-1.48	-0	0.24	-0	-1.12	-1.38	-0.32	-0	-0	-0	-0	-0	-0.06	-0	-0	-0	-0.16	-1.34	-1.76	-0.28	-0.44	-0	-0	-0	-0	-1.12	-1.2	-0	-0.52	-0	-0	-0.88	-0	0.96	-0	-0.72	-0	-0	-0	-0	-0	-0	36.54	-0	
60	59	0.06	-9.04	-0	7.24	0.46	0.68	1.18	-1.16	1	1.84	2.36	0.48	-1.02	0.48	0.76	1.52	1.08	1.48	4.04	0.52	1.52	0.44	-0.16	1	6.66	0.5	0.4	44.96	-0.12	0.64	0.64	1.72	1	-1.16	-0.42	0.32	0.8	1.66	0.12	0.84	0.8	0.08	1.16	1.2	0.52	0.8	-0.7	-1.66	0.36	0.2	1.24	8.04	0.72	0.72	-0.66	0.28	1.84	1.4	1.2	0.88	-0	7.8	1.68	0.64	0.86	-0	-0	-0	-0	-0	36.36	-0	-0	
61	54	-3.84	-9.04	-0	-17.1	-12.2	-0	-3.36	-17.14	-0	-7.64	-0	-0	-14.28	-0	-0	-0	-0	-6.06	-0	-0	-7.66	-0	-11.92	-0	-1.76	-4.66	-0	37.62	-7.96	-12.44	-0	-0	-2.4	-9.8	-13.3	-5.02	-0	-5.1	-0	-0	-1.36	-1.96	-0	-0	-0	-5.32	-12.42	-17.1	-5.72	-6.96	-0	-0	-0	-0	-14	-15.04	-3.44	-8.68	-0	-0	-7.8	-0	-0	-0	-8.62	55.08	-0	-0	-0	-0	-0	-0	-0	
62	55	-0.46	0.26	82.62	-0.2	-2.74	-1.2	-0.58	-3.4	-0	-2.12	-0.96	-0	-1.3	0.18	0.96	-0.96	-0.96	-0.56	-0	-0	-0.46	-0	-2.14	-0.96	-1	-0.94	-0	55.12	-2.36	-1.26	-0	0.72	-0	-1.48	-1.52	-0.56	-0.48	-1.96	-0.96	-0.96	-0	-0.24	-0.96	-0.48	-0	-0.88	-2.48	-2.18	-0.92	-0.68	-0	-0	-0.96	-0.24	-2.54	-2.12	-0.08	-1.36	-1.2	-0.96	-1.68	-0	-0	-0	-1.32	-0	-0	-0	-0	-0	-0	-0	-0	
63	57	-0.7	0.14	-0	1.1	-0.84	-0	-0	-1.56	-0	-0.32	-0	-0	-2.02	-0	0.96	-0	-0	-0.28	-0	-0	-0.34	-0	-1.52	-0	-0	-0.32	-0	56.3	-0.48	-1.86	0.18	0.24	-0	-0.84	-1.2	-0.76	-0	-0.14	-0	-0	-0	-0.08	-0	-0	-0	-0.56	-0.94	-1.8	-0.16	-0.16	-0	-0	-0	-0	-1.42	-1.32	-0.08	-0.44	-0	-0	-0.64	-0	-0	-0	-0.56	-0	-0	-0	-0	32.22	-0	-0	-0	
64	763	0.04	-6.6	-0	6.98	-0.3	0.96	0.36	-2.28	1.62	0.66	3	1.42	-2.56	1.24	1.6	1.02	0.6	-0.72	5.12	0.72	2.76	1.16	-1.24	0.78	7.84	-0.12	0.8	46.92	-0.26	-1.24	2.82	2.36	1.14	-1.78	-1.58	-0.44	1.96	5.04	0.48	0.66	2.12	0.6	0.26	1.52	1.1	-0.66	-1.98	-2.64	-0.56	-0.3	1.22	11.04	0.94	0.86	-3	-1.48	1.56	1.82	0.84	0.72	-0.86	8.62	1.32	0.56	-0	-0	-0	47.88	-0	-0	-0	-0	-0	
65	109	-0	-0	-0	-0	-0	-0	-0	-0	-35.1	-0	-0	-0	-0	-103.5	-0	-0	-0	-0	-0	-0	-0	-0	-0	-0	-0	-0	-0	-0	-0	-0	-103.36	-61.02	-0	-0	-32.4	-0	-0	-0	-0	-0	-0	-0	-0	-0	-0	-0	-0	-49.68	-0	-0	-0	-0	-0	-0	-0	-0	-52.52	-0	-0	-0	-0	-55.08	-0	-0	-0	-0	-0	-0	-0	-0	-0	-0	-0	
66	56	-31.68	-0	-0	-0	-0	-0	-43.2	-0	-0	-0	-38.16	-0	-0	-0	-0	-0	-101.26	-0	-0	-0	-0	-0	-35.46	-0	-0	-0	-0	-0	-0	-0	-0	-0	-0	-0	-0	-0	-0	-105.12	-0	-0	-33.48	-0	-0	-0	-0	-0	-0	-0	-0	-0	-0	-52.92	-0	-0	-0	-0	-0	-0	-0	-0	-0	-0	-0	-0	-0	-0	-0	-0	-0	-0	-0	-0	-0	
67	0	-0	-0	-0	-0	-0	-0	-0	-47.52	-0	-0	-0	-0	-34.92	-0	-0	-0	-0	-0	-0	-0	-58.32	-0	-0	-0	-0	-0	-0	-53.64	-0	-55.26	-0	-0	-48.22	-0	-0	-0	-0	-0	-0	-0	-0	-0	-0	-0	-0	-0	-0	-0	-0	-0	-0	-0	-0	-0	-0	-49.28	-0	-0	-0	-0	-0	-0	-0	-0	-47.88	-0	-0	-0	-0	-0	-0	-0	-0	
68	1354	-0	-0	-0	-0	-0	-42.48	-0	-0	-0	-0	-0	-33.12	-0	-0	-0	-35.46	-0	-0	-0	-0	-0	-36	-0	-0	-45.36	-45.36	-36	-0	-0	-0	-0	-0	-0	-0	-0	-0	-61.92	-0	-0	-0	-0	-0	-0	-0	-0	-0	-0	-0	-0	-0	-0	-0	-0	-0	-0	-0	-0	-0	-0	-0	-0	-0	-0	-0	-0	-0	-0	-0	-0	-0	-0	-0	-0	
69	0	-0	-0	-0	-0	-0	-0	-0	-0	-0	-0	-0	-0	-0	-0	-0	-0	-0	-0	-0	-53.1	-0	-0	-0	-0	-0	-0	-0	-0	-42.66	-0	-0	-0	-0	-25.02	-0	-0	-0	-0	-0	-0	-0	-0	-0	-0	-0	-0	-43.92	-0	-45.72	-52.92	-55.04	-0	-0	-0	-0	-0	-0	-0	-0	-0	-0	-0	-0	-32.22	-0	-0	-0	-0	-0	-0	-0	-0	-0	
70	327	-0	-0	-0	-0	-0	-0	-0	-0	-0	-69.84	-0	-0	-0	-0	-0	-0	-0	-0	-0	-0	-0	-0	-0	-0	-0	-0	-0	-0	-0	-0	-0	-0	-0	-0	-0	-0	-0	-0	-33.66	-32.22	-0	-0	-40.68	-0	-32.94	-34.74	-0	-0	-0	-0	-0	-0	-0	-0	-0	-0	-0	-60.12	-0	-0	-36.36	-0	-0	-0	-0	-0	-0	-0	-0	-0	-0	-0	-0	
71	0	-0	-0	-0	-0	-0	-0	-0	-0	-0	-0	-0	-0	-0	-0	-0	-0	-0	-0	-0	-0	-0	-0	-0	-42.84	-0	-0	-0	-0	-0	-0	-0	-0	-0	-0	-0	-31.32	-0	-0	-0	-0	-0	-42.84	-0	-34.74	-0	-0	-0	-0	-0	-0	-0	-0	-34.56	-37.44	-0	-0	-0	-0	-34.38	-36.54	-0	-0	-0	-0	-0	-0	-0	-0	-0	-0	-0	-0	-0	
72	0	-0	-0	-0	-0	-0	-0	-0	-0	-0	-0	-0	-0	-0	-0	-0	-0	-0	-0	-0	-0	-0	-0	-0	-0	-0	-0	-0	-0	-0	-0	-0	-0	-0	-0	-0	-0	-0	-0	-0	-0	-0	-0	-0	-0	-0	-0	-0	-0	-0	-0	-0	-0	-0	-0	-0	-0	-0	-0	-0	-0	-0	-0	-0	-0	-0	-0	-0	-0	-0	-0	-0	-0	-0	
