8
0
73
0	1354	-0	1.62	-0	3.64	-0	-0	-0	2.88	-0	-0	-0	-0	2	0.96	5.76	-0	1.44	6	0.96	-0	-0	0.24	3.12	3.36	-0	-0	-0	-0	4.26	0.24	-0	2.4	-0	-0	-0	-0	-0	5.2	2.88	-0	0.72	-1.58	-0	-0	3.12	0.42	-0	-0	4.32	-0	-0	-0	0.48	-0	-0	-0	-0	-0	-0	1.68	-0	-0	2.16	-0	-0	1.2	-0	-0	3.58	-0	-0	-0	-0	
1	0	-1.62	-0	55	-12.94	-0	-1.62	-1.62	1.26	6.06	-1.62	-2.04	-1.62	-1.62	-0.66	6.38	-1.8	-0.18	4.02	-0.84	-1.8	-1.62	-1.38	1.5	1.74	-1.8	-1.62	-1.62	-1.62	2.84	-1.38	-1.62	5.76	-1.62	-1.62	-1.62	-1.62	-9.44	0.3	1.26	-1.8	-0.9	-1.62	-14.64	-1.8	0.78	0.46	-1.8	-1.62	2.7	-1.8	-1.62	-1.8	-1.14	-1.62	-1.62	-1.62	-1.62	-1.62	-1.62	0.06	-1.8	-1.62	0.36	-1.8	-1.86	-0.42	-0	-0	-0	-0	-0	-0	-0	
2	378	-0	-55	-0	-0	-0	-0	-0	-0	-0	-0	-0	-0	-0	-0	-0	-0	-0	-0	-0	-0	-17.26	-0	-0	-0	-0	-0	-0	-0	-0	-15.8	-0	-0	-0	-0	-18.7	-0	-0	-0	-0	-0	-0	-0	-0	-0	-0	-0	-0	-0	-0	-64.04	-14.16	-60.6	-0	-0	-0	-0	-0	-0	-0	-0	-0	-0	-0	-63.32	-0	-0	-0	-0	-0	-0	-0	-0	-0	
3	376	-3.64	12.94	-0	-0	68.72	9.84	8.96	12.24	9.76	9.84	7.84	11.28	7.52	8.16	14.16	9.44	10.16	13.98	9.68	9.84	9.84	8.9	11.32	10.48	8.98	7.92	7.84	8.24	20.44	9.44	8.96	14.64	8.16	7.84	9.04	-5.84	9.44	10.56	12.32	9.44	9.36	8.4	8.72	9.04	18.32	10.18	8.96	8.6	12.4	9.52	9.04	10.5	8.56	9.84	9.2	6.8	8.16	9.92	8.68	9.6	7.76	8.56	12	8.64	8.8	9.2	-0	-0	-0	-0	-0	-0	-0	
4	282	-0	-0	-0	-68.72	-0	-13.14	-0	-0	-0	-0	-0	-0	-0	-0	-0	-75.16	-0	-0	-80.04	-53.76	-0	-0	-0	-0	-0	-0	-0	-0	-0	-0	-0	-0	-0	-0	-0	-0	-0	-0	-0	-0	-0	-0	-0	-0	-0	-0	-0	-0	-0	-0	-0	-0	-0	-0	-0	-13.82	-0	-14.52	-0	-0	-0	-0	-0	-0	-0	-0	-0	-0	-0	-0	-0	-0	-0	
5	290	-0	1.62	-0	-9.84	13.14	-0	-0	2.66	-0	-0	8.28	-0	-0	0.96	10.24	-0	1.44	5.58	0.96	-0	-0	-2.72	3.12	3.36	-0	-0	-0	-0	4.26	0.24	-0	2.4	-0	-2.88	-0	-0	-0	1.92	2.88	-0	0.72	-0	-0	-0	4.56	1.7	-0	-0	4.32	2.4	-0	-0	0.48	-0	0.88	-0	-0	-0	-0	1.68	-0	-0	2.16	-0	-0	1.2	-0	-0	-0	-0	-0	-0	-0	
6	283	-0	1.62	-0	-8.96	-0	-0	-0	2.88	-0	-0	-0	-0	-0	0.96	5.76	-0	1.44	5.7	0.96	-0	-0	0.24	3.12	3.36	-0	-0	-0	0.58	4.1	0.24	-0	11.4	-0	-0	-0	-0	-0	1.92	2.88	-0	0.72	-0	-0	-0	3.68	1.54	-0	-0	4.32	-0	-0	-8.26	0.48	-0	-0	-0	-0	2.34	-0	1.68	-9.2	-0	2.16	-0	-0	1.2	-0	-0	-0	-0	40.24	-0	-0	
7	363	-2.88	-1.26	-0	-12.24	-0	-2.66	-2.88	-0	-2.88	-3.12	-3.12	-2.8	-2.56	-1.76	2.8	-2.88	-1.6	3.46	-2.08	-2.98	-2.88	-2.64	0.16	0.56	-2.88	-2.88	-2.88	-2.74	1.14	-2.64	-2.6	-0.48	-2.88	-2.72	-2.8	1.04	-3.12	-1.04	4.16334e-17	-2.88	-1.2	-2.62	-2.8	-2.88	0.96	-2	-2.68	-2.96	1.52	-2.72	-2.88	-2.72	-2.24	-2.62	-2.74	-2.88	-2.88	-2.88	-2.8	-1.2	-2.88	-2.78	14.58	-3.12	-2.88	-1.68	-0	-0	10.26	-0	-0	-0	-0	
8	378	-0	-6.06	-0	-9.76	-0	-0	-0	2.88	-0	-0	-7.28	-0	-0	0.96	5.76	-0	1.44	9.88	0.96	-0	-0	0.24	3.12	3.36	-0	-0	-0	-0	4.26	0.24	-0	11.36	-0	-0	-0	-0	-0	1.92	2.88	-0	0.72	-0	-0	-0	2.24	3.32	-0	-0	4.32	-3.26	-2	-0	0.48	-0	-0	2.56	-0	-0	-0	1.68	-0	-0	2.16	-0	-0	1.2	45.82	-0	-0	-0	-0	-0	-0	
9	301	-0	1.62	-0	-9.84	-0	-0	-0	3.12	-0	-0	-0	-10.56	-0	0.96	5.76	-0	1.44	5.76	0.96	-0	-0	0.24	3.12	3.36	-0	-0	-0	-0	4.1	0.24	-0	2.4	-0	-0	-0	-0	-0	1.92	2.88	-0	-2.46	11.74	-0	-0	3.76	0.82	-0	-0	4.32	-0	-0	-0	0.48	-0	0.72	-0	-0	-0	-10.6	1.68	-2.84	3.08	2.16	-0	-0	1.2	-0	60.94	-0	-0	-0	-0	-0	
10	291	-0	2.04	-0	-7.84	-0	-8.28	-0	3.12	7.28	-0	-0	-0	-0	0.96	5.76	-0	1.44	5.76	0.96	-0	-0	0.24	3.12	3.36	-0	-0	-0	0.66	4.62	0.24	-0	4.76	-0	-0	-0	-0	-0	1.92	2.88	-0	0.72	-0	-0	-0	3.84	2.56	-0	-0	4.32	-0	-0	-0	0.48	-8.92	0.24	-0	-0	-0	-0	1.68	-0	-0	1.92	-0	-0	1.2	-0	-0	-0	-0	-0	40.02	-0	
11	397	-0	1.62	-0	-11.28	-0	-0	-0	2.8	-0	10.56	-0	-0	-0	0.96	5.76	-0	1.44	-6.36	0.96	-0	-0	0.24	3.12	3.36	-0	-0	-0	0.96	4.02	0.24	-0	-8.92	-0	2.88	-0	-0	-0	1.92	2.88	-0	0.72	-0	-0	-0	3.6	2.02	-0	-0	4.32	-0	-0	-0	0.48	-0	-0	-0	-0	-0	-0	1.68	-0	-0	2.16	-0	-0	1.2	-0	-0	57.2	-0	-0	-0	-0	
12	326	-2	1.62	-0	-7.52	-0	-0	-0	2.56	-0	-0	-0	-0	-0	0.96	5.76	-0	1.44	6.24	0.96	-0	-0	0.24	3.12	3.36	-0	-0	-0.24	-0.72	4.18	0.24	-0	2.4	-0	-0	-0	-0.24	4.22	1.92	2.88	-0	1.68	-0.72	-0	-0	3.12	15.48	-1.78	-0.48	4.32	-0	-0	-0	0.24	-0	0.42	-0	-0.24	-0	-0	1.68	-0	-0	2.16	-0	-0	1.2	-0	-0	-0	-0	7.9	-0	-0	
13	0	-0.96	0.66	-0	-8.16	-0	-0.96	-0.96	1.76	-0.96	-0.96	-0.96	-0.96	-0.96	-0	4.8	-0.96	0.48	4.82	14.88	-0.96	-0.96	-0.72	2.16	2.4	-0.96	-0.96	-0.96	-0.96	3.14	3.24	-0.96	1.44	-0.96	-0.96	-0.96	-0.96	-0.96	0.96	5.1	-0.96	0.72	-0.96	-0.96	-0.96	0.16	0.02	-0.96	-0.96	3.36	-0.96	-0.96	-0.96	-0.48	-0.96	-0.96	-0.68	-0.72	-0.96	-0.96	0.72	-0.96	-0.96	1.2	-0.96	-0.96	0.24	2.16	-0	-0	-0	-0	-0	-0	
14	362	-5.76	-6.38	-0	-14.16	-0	-10.24	-5.76	-2.8	-5.76	-5.76	-5.76	-5.76	-5.76	-4.8	-0	-5.76	-4.32	2.82	-4.8	-5.76	-10.04	-5.52	-16.28	-2.4	-5.76	-5.76	-5.76	-5.76	-11.78	-11.52	-5.76	-3.36	-5.76	-5.76	-5.76	-5.76	-5.76	-3.84	-2.88	-5.76	-5.04	-5.76	-8.7	-5.76	-4.08	-2.94	-5.76	-5.76	1.76	-5.76	-10.74	-5.52	-5.28	-5.76	-5.76	-10.04	-5.76	-10.74	5.98	-4.08	-5.76	-5.76	-3.6	-5.76	-5.76	-4.56	-0	154.82	-0	-0	-0	-0	-0	
15	357	-0	1.8	-0	-9.44	75.16	-0	-0	2.88	-0	-0	-0	-0	-0	0.96	5.76	-0	9.86	5.66	0.96	2.58	-0	0.24	3.12	3.36	-3.4	-14.84	-0	-0	4.62	0.24	-0	6.52	-0	-0	-0	-0	-0	1.92	2.88	-0	0.72	-0	-0	-0	3.52	1.86	-0	-0	4.32	-0	-0	-0	0.48	-0	0.96	-0	-0	-0	-0	1.68	-0	-0	2.16	-0	-2.94	-10.84	-0	-0	-0	-0	-0	-0	-0	
16	329	-1.44	0.18	-0	-10.16	-0	-1.44	-1.44	1.6	-1.44	-1.44	-1.44	-1.44	-1.44	-0.48	4.32	-9.86	-0	4.14	-0.4	-1.44	-1.44	-1.2	1.68	1.92	-1.44	-1.44	-1.44	-0.32	3.62	-0.24	-1.44	0.96	-1.44	-1.28	2.24	-1.44	-1.44	0.48	14.92	-1.44	-0.64	-1.44	-1.44	-1.44	1.04	-13.26	-1.44	-1.44	2.88	-1.44	-1.44	-0.56	-0.96	-1.44	-1.44	-1.44	-1.44	-1.44	-1.44	4.16334e-17	-1.44	-1.36	0.88	-1.44	-1.44	-0.24	-0	-0	-0	-0	52.7	-0	-0	
17	273	-6	-4.02	-0	-13.98	-0	-5.58	-5.7	-3.46	-9.88	-5.76	-5.76	6.36	-6.24	-4.82	-2.82	-5.66	-4.14	-0	-4.56	-5.54	-5.54	-21.26	-2.64	-2.88	-5.56	-6.12	-6.12	-14.78	-4.44	-4.68	-10.7	-8	-6.1	-6	-5.36	-2.88	-5.74	-4.32	-2.88	-5.5	-4.62	-5.76	-5.42	-5.58	-1.66	-3.38	-5.52	-5.26	-1.58	-5.4	-5.76	-5.38	-5.7	-5.54	-5.48	-5.44	-5.76	-5.72	-10.38	-3.88	-5.66	-5.82	-3.34	-5.46	-5.42	-4.54	-0	-0	142.54	-0	-0	-0	-0	
18	425	-0.96	0.84	-0	-9.68	80.04	-0.96	-0.96	2.08	-0.96	-0.96	-0.96	-0.96	-0.96	-14.88	4.8	-0.96	0.4	4.56	-0	-0.96	-0.96	-0.72	2.16	2.4	-0.96	-0.96	-0.96	-0.96	3.66	-0.72	8.9	6.16	-0.96	-0.96	-0.96	-0.96	-0.96	-13.34	1.92	-0.96	-0.24	-0.96	-0.96	-0.96	5.6	1.62	-0.96	-0.96	3.36	-0.96	-0.96	-0.96	-0.48	-0.96	-0.96	-3.52	-0.96	-0.96	-0.96	0.72	-0.96	-0.96	1.2	-0.96	-0.96	0.24	-0	-0	-0	-0	-0	-0	-0	
19	273	-0	1.8	-0	-9.84	53.76	-0	-0	2.98	-0	-0	-0	-0	-0	0.96	5.76	-2.58	1.44	5.54	0.96	-0	-0	0.24	13.12	-4.84	-0	-0	-0	-0	4.62	0.24	-0	7.18	-0	-0	-0	-0	-0	1.92	2.88	-0	0.72	-0	-0	-0	3.76	1.46	-0	-0	-6.68	3	-0	-0	0.48	-0	0.96	-0	-0	-2.16	-0	1.68	-0	-0	2.16	-0	-0	1.2	-0	-0	-0	-0	-0	-0	-0	
20	279	-0	1.62	17.26	-9.84	-0	-0	-0	2.88	-0	-0	-0	-0	-0	0.96	10.04	-0	1.44	5.54	0.96	-0	-0	0.24	-0.54	3.36	-0	-0	-0	-0	4.02	0.24	-0	2.4	-0	-0	-0	-0	-0	-1.84	2.88	9.12	0.72	-0	-0	-0	4.32	2.42	-0	-0	4.32	-0	-0	-0	0.48	-0	0.72	-0	-0	-0	2.56	1.68	-0	-0	2.16	-0	-0	1.2	-0	-0	-0	-0	-0	-0	-0	
21	328	-0.24	1.38	-0	-8.9	-0	2.72	-0.24	2.64	-0.24	-0.24	-0.24	-0.24	-0.24	0.72	5.52	-0.24	1.2	21.26	0.72	-0.24	-0.24	-0	2.88	3.12	-0.24	-0.24	-0.24	-0.24	3.86	-0	-0.24	2.16	-0.24	-0.24	-0.24	-0.24	-0.24	1.68	2.64	-17.78	0.48	-0.24	-0.24	-0.24	-2.06	1.76	-0.24	-0.24	4.08	-10.88	-0.24	-0.24	0.24	-0.24	0.48	-0.24	-0.24	-0.24	-0.24	1.44	-0.24	-0.24	1.92	-0.24	-0.24	0.96	73.36	-0	-0	-0	-0	-0	-0	
22	374	-3.12	-1.5	-0	-11.32	-0	-3.12	-3.12	-0.16	-3.12	-3.12	-3.12	-3.12	-3.12	-2.16	16.28	-3.12	-1.68	2.64	-2.16	-13.12	0.54	-2.88	-0	0.24	-3.12	-3.12	-3.12	-3.12	0.98	-2.64	-3.12	-0.72	-3.12	-3.12	-3.12	-3.12	-3.12	-1.2	-0.24	-3.12	-2.4	-3.12	-3.12	-3.12	0.48	-1.18	-7.74	-7.12	1.2	-3.12	-3.12	-2.88	-2.64	-3.12	-2.08	-3.12	-3.12	-3.12	-3.12	-1.44	-3.12	-3.12	-12.32	-3.12	-3.12	-1.92	-0	-0	-0	-0	73.04	-0	-0	
23	289	-3.36	-1.74	-0	-10.48	-0	-3.36	-3.36	-0.56	-3.36	-3.36	-3.36	-3.36	-3.36	-2.4	2.4	-3.36	-1.92	2.88	-2.4	4.84	-3.36	-3.12	-0.24	-0	-3.36	-3.36	-3.36	-2.24	0.74	-3.12	-3.36	-0.96	-1.06	-3.36	-3.36	-3.36	-3.36	-1.44	-0.48	-3.36	-1.68	-3.36	-3.36	-3.36	-1.2	-1.98	-3.36	-3.36	0.96	-3.36	-3.36	-3.36	-2.88	-3.36	-3.36	-3.36	-3.36	-3.36	-3.36	-1.68	-3.36	-3.36	-1.2	-3.36	-3.36	-2.16	-0	-0	7.56	-0	-0	-0	-0	
24	376	-0	1.8	-0	-8.98	-0	-0	-0	2.88	-0	-0	-0	-0	-0	0.96	5.76	3.4	1.44	5.56	0.96	-0	-0	0.24	3.12	3.36	-0	-0	-15.3	0.42	4.46	0.24	11.76	2.4	-0	-0	-0	-0	-0	1.92	2.88	-0	0.72	-0	-0	-0	4.64	1.7	-0	-0	4.32	-0	-0	-0	0.48	-0	-0	-0	-0	-0	-0	1.68	-0	-14.12	2.16	-0	-0	1.2	-0	-0	-0	66.54	-0	-0	-0	
25	326	-0	1.62	-0	-7.92	-0	-0	-0	2.88	-0	-0	-0	-0	-0	0.96	5.76	14.84	1.44	6.12	0.96	-0	-0	0.24	3.12	3.36	-0	-0	-0	0.96	4.26	0.24	-0	2.4	-0	-0	-0	-0	-0	1.92	2.88	-0	1.68	-0	-0	-0	5.28	1.14	-0	-0	4.32	-0	-0	-0	0.48	-0	-0	-0	-0	3.88	-0	1.68	-0	-0	2.16	-0	-0	1.2	-0	-0	-0	-0	-0	-0	-0	
26	410	-0	1.62	-0	-7.84	-0	-0	-0	2.88	-0	-0	-0	-0	0.24	0.96	5.76	-0	1.44	6.12	0.96	-0	-0	0.24	3.12	3.36	15.3	-0	-0	-0.16	4.26	0.24	-0	2.4	-0	-0	4.32	-0	-0	1.92	2.88	-0	1.68	-0	-0	-0	5.04	0.4	-0	-0	4.32	-0	-0	-0	0.48	-0	-0	-0	-0	-0	-0	1.68	-0	-0	2.16	-0	0.9	1.2	-0	-0	-0	-0	-0	-0	-0	
27	424	-0	1.62	-0	-8.24	-0	-0	-0.58	2.74	-0	-0	-0.66	-0.96	0.72	0.96	5.76	-0	0.32	14.78	0.96	-0	-0	0.24	3.12	2.24	-0.42	-0.96	0.16	-0	4.26	0.24	-0	2.4	-0	-0	-0	-0	2.72	1.2	2.28	-0.96	-0.24	-0	-0	-0	2	0.98	-15.18	-0	4.32	-0	-0	-0	-0.4	-0.52	-0.24	-0	-0	-0	-0	1	-1.12	-0	1.28	-11.14	-0.72	1.2	-0	-0	-0	-0	77.4	-0	-0	
28	0	-4.26	-2.84	-0	-20.44	-0	-4.26	-4.1	-1.14	-4.26	-4.1	-4.62	-4.02	-4.18	-3.14	11.78	-4.62	-3.62	4.44	-3.66	-4.62	-4.02	-3.86	-0.98	-0.74	-4.46	-4.26	-4.26	-4.26	-0	-1.22	-4.26	-1.78	-4.1	-4.26	-4.18	-4.26	-4.26	-2.18	-1.3	-4.54	-3.54	-4.26	-4.18	-16.06	-0.82	-2.84	-4.46	-4.18	0.06	-4.46	-4.1	-4.62	-3.54	-4.18	-4.26	-4.26	-4.1	-4.26	-4.1	-2.58	-4.62	-4.26	-2.38	-4.62	-4.26	-3.06	51.66	-0	-0	-0	-0	-0	-0	
29	325	-0.24	1.38	15.8	-9.44	-0	-0.24	-0.24	2.64	-0.24	-0.24	-0.24	-0.24	-0.24	-3.24	11.52	-0.24	0.24	4.68	0.72	-0.24	-0.24	-0	2.64	3.12	-0.24	-0.24	-0.24	-0.24	1.22	-0	-0.24	2.16	-0.24	-0.24	-0.24	-0.24	-0.24	1.68	2.64	-0.24	0.48	-0.24	-0.24	-0.24	1.92	1.58	-0.24	-0.24	4.08	12.88	-0.24	-0.24	0.24	-0.24	-0.24	-0.24	-0.24	-0.24	-0.24	1.44	-0.24	-0.24	1.92	-0.24	-0.24	0.96	-0	-0	-0	-0	-0	-0	-0	
30	251	-0	1.62	-0	-8.96	-0	-0	-0	2.6	-0	-0	-0	-0	-0	0.96	5.76	-0	1.44	10.7	-8.9	-0	-0	0.24	3.12	3.36	-11.76	-0	-0	-0	4.26	0.24	-0	2.4	-0	-0	-3.44	-0	-0	1.92	12.52	-0	0.72	-0	-0	-0	5.2	1.7	-0	-0	4.32	-0	2.64	-0	0.48	-0	0.72	-0	-0	-0	-0	1.68	-0	-0	2.16	-3.22	-0	1.2	63.98	-0	-0	-0	-0	-0	-0	
31	315	-2.4	-5.76	-0	-14.64	-0	-2.4	-11.4	0.48	-11.36	-2.4	-4.76	8.92	-2.4	-1.44	3.36	-6.52	-0.96	8	-6.16	-7.18	-2.4	-2.16	0.72	0.96	-2.4	-2.4	-2.4	-2.4	1.78	-2.16	-2.4	-0	-2.4	-2.4	-2.4	-2.4	-2.4	-0.48	0.48	-2.4	-1.68	-2.4	-2.4	-2.4	1.92	-0.86	-2.4	-2.4	1.92	-5.7	-2.4	-7.18	-1.92	-2.4	-1.68	-2.4	0.64	-2.4	-2.4	-3.32	-2.4	-2.4	-0.24	-7.18	-2.4	-1.2	-0	146.6	-0	-0	-0	-0	-0	
32	345	-0	1.62	-0	-8.16	-0	-0	-0	2.88	-0	-0	-0	-0	-0	0.96	5.76	-0	1.44	6.1	0.96	-0	-0	0.24	3.12	1.06	-0	-0	-0	-0	4.1	0.24	-0	2.4	-0	-0	-0	-0	-0	1.92	4.1	-0	1.68	-0	-0	-0	4.24	0.98	-0	-0	4.32	-0	-0	-0	0.48	-0	1.2	-0	3.12	-0	-0	1.68	-0	-0	13.24	-0	-0	1.2	-0	12.06	-0	-0	-0	-0	-0	
33	399	-0	1.62	-0	-7.84	-0	2.88	-0	2.72	-0	-0	-0	-2.88	-0	0.96	5.76	-0	1.28	6	0.96	-0	-0	0.24	3.12	3.36	-0	-0	-0	-0	4.26	0.24	-0	2.4	-0	-0	-0	-0	-0	1.92	7.16	-0.12	1.68	-0	-0	-0	4	11.36	-0	-0	4.32	-0	-0	-0	-2.8	-0	0.8	-0	-0	-0	-0	1.68	-0	-0	2.16	-0	-0	1.2	14.58	-0	-0	-0	-0	-0	-0	
34	388	-0	1.62	18.7	-9.04	-0	-0	-0	2.8	-0	-0	-0	-0	-0	0.96	5.76	-0	-2.24	5.36	0.96	-0	-0	0.24	3.12	3.36	-0	-0	-4.32	-0	4.18	0.24	3.44	2.4	-0	-0	-0	-0	-0	1.92	2.88	-0	0.72	-0	-0	-0	2.1	1.3	12.74	-0.02	4.32	-0	-0	-0	0.48	-0	0.72	-0	-0	-0	-0	1.68	-0	-0	2.16	-0	-0	1.2	-0	-0	-0	-0	-0	-0	-0	
35	297	-0	1.62	-0	5.84	-0	-0	-0	-1.04	-0	-0	-0	-0	0.24	0.96	5.76	-0	1.44	2.88	0.96	-0	-0	0.24	3.12	3.36	-0	-0	-0	-0	4.26	0.24	-0	2.4	-0	-0	-0	-0	-0	1.92	2.88	-0	1.68	-0	-0	-0	2.88	0.42	-0	-0	4.32	-0	-0	-0	0.48	-0	0.8	-0	-0	-0	-0	1.68	-0	3.58	2.16	-0	-0	1.2	-0	16.74	-0	-0	-0	-0	-0	
36	295	-0	9.44	-0	-9.44	-0	-0	-0	3.12	-0	-0	-0	-0	-4.22	0.96	5.76	-0	1.44	5.74	0.96	-0	-0	0.24	3.12	3.36	-0	-0	-0	-2.72	4.26	0.24	-0	2.4	-0	-0	-0	-0	-0	1.92	2.88	-0	0.72	-0	-0	-0	3.12	2.66	-0	-0	4.32	-0	-0	2.24	0.48	-0	1.12	-0	-0	-0	-0	1.68	-0	-0	2.16	-0	-0	1.2	-0	-0	-0	15.64	-0	-0	-0	
37	286	-5.2	-0.3	-0	-10.56	-0	-1.92	-1.92	1.04	-1.92	-1.92	-1.92	-1.92	-1.92	-0.96	3.84	-1.92	-0.48	4.32	13.34	-1.92	1.84	-1.68	1.2	1.44	-1.92	-1.92	-1.92	-1.2	2.18	-1.68	-1.92	0.48	-1.92	-1.92	-1.92	-1.92	-1.92	-0	0.96	-1.92	-0.24	-6.32	-1.92	-1.92	2.56	-0.46	-1.92	-1.92	2.4	-1.92	-1.92	-1.92	-1.44	-1.92	-1.68	-1.92	-1.92	-1.92	-1.92	-0.24	-1.92	-1.92	0.24	-1.92	-1.92	-0.72	-0	-0	-0	-0	21.6	-0	-0	
38	388	-2.88	-1.26	-0	-12.32	-0	-2.88	-2.88	-4.16334e-17	-2.88	-2.88	-2.88	-2.88	-2.88	-5.1	2.88	-2.88	-14.92	2.88	-1.92	-2.88	-2.88	-2.64	0.24	0.48	-2.88	-2.88	-2.88	-2.28	1.3	-2.64	-12.52	-0.48	-4.1	-7.16	-2.88	-2.88	-2.88	-0.96	-0	-2.88	-2.16	-2.88	-2.88	-2.88	-0.72	-0.22	-2.88	-2.88	-2.34	-2.88	-2.88	-2.88	-2.4	-2.88	-2.88	-2.88	-6.04	-2.88	7.78	-1.2	-2.88	-6.66	-0.72	-2.88	-2.88	-5.26	-0	-0	140.46	-0	-0	-0	-0	
39	273	-0	1.8	-0	-9.44	-0	-0	-0	2.88	-0	-0	-0	-0	-0	0.96	5.76	-0	1.44	5.5	0.96	-0	-9.12	17.78	3.12	3.36	-0	-0	-0	0.96	4.54	0.24	-0	2.4	-0	0.12	-0	-0	-0	1.92	2.88	-0	-11	-0	-0	-0	1.6	1.14	-0	-0	4.32	-0	-0	-0	0.48	-0	-0	-0	-0	-0	-0	1.68	-0	-0	2.16	-0	-0	1.2	-0	-0	-0	-0	-0	47.48	-0	
40	304	-0.72	0.9	-0	-9.36	-0	-0.72	-0.72	1.2	-0.72	2.46	-0.72	-0.72	-1.68	-0.72	5.04	-0.72	0.64	4.62	0.24	-0.72	-0.72	-0.48	2.4	1.68	-0.72	-1.68	-1.68	0.24	3.54	-0.48	-0.72	1.68	-1.68	-1.68	-0.72	-1.68	-0.72	0.24	2.16	11	-0	-0.72	-0.72	-0.72	1.6	1.78	-0.72	-0.72	2.64	-0.72	-0.72	-0.72	-1.2	-0.72	-0.72	-0.72	-1.68	-0.72	-0.72	0.96	-0.72	-1.68	1.44	-0.72	-0.72	-0.48	-0	-0	-0	-0	-0	3.78	-0	
41	376	1.58	1.62	-0	-8.4	-0	-0	-0	2.62	-0	-11.74	-0	-0	0.72	0.96	5.76	-0	1.44	5.76	0.96	-0	-0	0.24	3.12	3.36	-0	-0	-0	-0	4.26	0.24	-0	2.4	-0	-0	-0	-0	-0	6.32	2.88	-0	0.72	-0	-0	-0	4.64	0.66	-0	-0	4.32	-0	-0	-0	0.48	-0	-0	-0	-0	-0	-0	1.68	-0	-0	2.16	-0	-0	1.2	-0	-0	61.16	-0	-0	-0	-0	
42	0	-0	14.64	-0	-8.72	-0	-0	-0	2.8	-0	-0	-0	-0	-0	0.96	8.7	-0	1.44	5.42	0.96	-0	-0	0.24	3.12	3.36	-0	-0	-0	-0	4.18	0.24	-0	2.4	-0	-0	-0	-0	-0	1.92	2.88	-0	0.72	-0	-0	-0	1.52	1.86	-0	-0	4.32	-0	-0	-0	0.48	-0	-0	-0	-0	-0	-0	1.68	-0	-0	2.16	-0	-0	1.2	-0	-0	-0	-0	-0	-0	-0	
43	335	-0	1.8	-0	-9.04	-0	-0	-0	2.88	-0	-0	-0	-0	-0	0.96	5.76	-0	1.44	5.58	0.96	-0	-0	0.24	3.12	3.36	-0	-0	-0	-0	16.06	0.24	-0	2.4	-0	-0	-0	-0	-0	1.92	2.88	-0	0.72	-0	-0	-0	3.44	-1.78	-0	-0	4.32	-0	-0	3.5	-11.64	-0	-2.3	-0	-11.48	-0	-0	1.68	-0	-0	2.16	-0	-0	1.2	-0	-0	-0	68.7	-0	-0	-0	
44	354	-3.12	-0.78	-0	-18.32	-0	-4.56	-3.68	-0.96	-2.24	-3.76	-3.84	-3.6	-3.12	-0.16	4.08	-3.52	-1.04	1.66	-5.6	-3.76	-4.32	2.06	-0.48	1.2	-4.64	-5.28	-5.04	-2	0.82	-1.92	-5.2	-1.92	-4.24	-4	-2.1	-2.88	-3.12	-2.56	0.72	-1.6	-1.6	-4.64	-1.52	-3.44	-0	-2.3	-4.4	-4.56	-0.64	-4.48	-2.88	-2.08	-2.96	-5.04	-4.56	-4.4	-2.32	-3.68	-2.08	-3.04	-5.28	-2.32	-1.36	10.26	-2.24	-1.2	-0	-0	-0	-0	-0	14.04	-0	
45	360	-0.42	-0.46	-0	-10.18	-0	-1.7	-1.54	2	-3.32	-0.82	-2.56	-2.02	-15.48	-0.02	2.94	-1.86	13.26	3.38	-1.62	-1.46	-2.42	-1.76	1.18	1.98	-1.7	-1.14	-0.4	-0.98	2.84	-1.58	-1.7	0.86	-0.98	-11.36	-1.3	-0.42	-2.66	0.46	0.22	-1.14	-1.78	-0.66	-1.86	1.78	2.3	-0	-0.88	-0.66	3.42	-1.22	-1.34	-2.54	-0.42	-1.62	-1.46	-3.16	-1.46	-2.02	-1.22	-0.5	-2.26	-0.82	1.02	-1.06	-1.54	0.56	-0	-0	-0	73.8	-0	-0	-0	
46	0	-0	1.8	-0	-8.96	-0	-0	-0	2.68	-0	-0	-0	-0	1.78	0.96	5.76	-0	1.44	5.52	0.96	-0	-0	0.24	7.74	3.36	-0	-0	-0	15.18	4.46	0.24	-0	2.4	-0	-0	-12.74	-0	-0	1.92	2.88	-0	0.72	-0	-0	-0	4.4	0.88	-0	-14.98	4.32	-0	-0	-0	0.48	-0	-0	-0	-0	-0	-0	1.68	-0	-0	2.16	-0	-0	1.2	-0	-0	-0	-0	-0	62.64	-0	
47	0	-0	1.62	-0	-8.6	-0	-0	-0	2.96	-0	-0	-0	-0	0.48	0.96	5.76	-0	1.44	5.26	0.96	-0	-0	0.24	7.12	3.36	-0	-0	-0	-0	4.18	0.24	-0	2.4	-0	-0	0.02	-0	-0	1.92	2.88	-0	0.72	-0	-0	-0	4.56	0.66	14.98	-0	4.32	-0	-0	-0	0.48	-0	-0	-0	-0	-0	-0	1.68	-0	-0	2.16	-0	-0	1.2	-0	-0	-0	-0	-0	0.9	-0	
48	0	-4.32	-2.7	-0	-12.4	-0	-4.32	-4.32	-1.52	-4.32	-4.32	-4.32	-4.32	-4.32	-3.36	-1.76	-4.32	-2.88	1.58	-3.36	6.68	-4.32	-4.08	-1.2	-0.96	-4.32	-4.32	-4.32	-4.32	-0.06	-4.08	-4.32	-1.92	-4.32	-4.32	-4.32	-4.32	-4.32	-2.4	2.34	-4.32	-2.64	-4.32	-4.32	-4.32	0.64	-3.42	-4.32	-4.32	-0	-4.32	-4.32	-4.32	-3.84	-4.32	-4.32	-4.32	-4.32	-4.32	-4.32	-2.64	-4.32	-4.32	-2.16	-4.32	-4.32	-3.12	-0	23.54	-0	-0	-0	-0	-0	
49	377	-0	1.8	64.04	-9.52	-0	-2.4	-0	2.72	3.26	-0	-0	-0	-0	0.96	5.76	-0	1.44	5.4	0.96	-3	-0	10.88	3.12	3.36	-0	-0	-0	-0	4.46	-12.88	-0	5.7	-0	-0	-0	-0	-0	1.92	2.88	-0	0.72	-0	-0	-0	4.48	1.22	-0	-0	4.32	-0	-0	-0	0.48	-0	-0	-0	-0	-0	-0	-8.2	-0	-0	2.16	-0	-0	1.2	-0	-0	-0	-0	-0	-0	-0	
50	249	-0	1.62	14.16	-9.04	-0	-0	-0	2.88	2	-0	-0	-0	-0	0.96	10.74	-0	1.44	5.76	0.96	-0	-0	0.24	3.12	3.36	-0	-0	-0	-0	4.1	0.24	-2.64	2.4	-0	-0	-0	-0	-0	1.92	2.88	-0	0.72	-0	-0	-0	2.88	1.34	-0	-0	4.32	-0	-0	-0	0.48	-0	-0	-0	-0	-0	-0	1.68	-0	-3.62	2.16	6.92	-0	1.2	-0	-0	-0	-0	-0	-0	-0	
51	247	-0	1.8	60.6	-10.5	-0	-0	8.26	2.72	-0	-0	-0	-0	-0	0.96	5.52	-0	0.56	5.38	0.96	-0	-0	0.24	2.88	3.36	-0	-0	-0	-0	4.62	0.24	-0	7.18	-0	-0	-0	-0	-2.24	1.92	2.88	-0	0.72	-0	-0	-3.5	2.08	2.54	-0	-0	4.32	-0	-0	-0	0.48	-0	0.72	-9	-0	-0	2.5	1.68	-0	-0	2.16	-0	-10.9	1.2	-0	-0	-0	-0	-0	-0	-0	
52	333	-0.48	1.14	-0	-8.56	-0	-0.48	-0.48	2.24	-0.48	-0.48	-0.48	-0.48	-0.24	0.48	5.28	-0.48	0.96	5.7	0.48	-0.48	-0.48	-0.24	2.64	2.88	-0.48	-0.48	-0.48	0.4	3.54	-0.24	-0.48	1.92	-0.48	2.8	-0.48	-0.48	-0.48	1.44	2.4	-0.48	1.2	-0.48	-0.48	11.64	2.96	0.42	-0.48	-0.48	3.84	-0.48	-0.48	-0.48	-0	-0.48	-0.48	-0.48	-0.48	-0.48	-0.48	1.2	-0.48	-0.48	1.68	-0.48	-0.48	0.72	-0	-0	1.08	-0	-0	-0	-0	
53	408	-0	1.62	-0	-9.84	-0	-0	-0	2.62	-0	-0	8.92	-0	-0	0.96	5.76	-0	1.44	5.54	0.96	-0	-0	0.24	3.12	3.36	-0	-0	-0	0.52	4.18	0.24	-0	2.4	-0	-0	-0	-0	-0	1.92	2.88	-0	0.72	-0	-0	-0	5.04	1.62	-0	-0	4.32	-0	-0	-0	0.48	-0	-0	-0	-0	-0	-0	1.68	-0	-0	2.16	2.56	-0	1.2	-0	-0	-0	0.36	-0	-0	-0	
54	345	-0	1.62	-0	-9.2	-0	-0.88	-0	2.74	-0	-0.72	-0.24	-0	-0.42	0.96	5.76	-0.96	1.44	5.48	0.96	-0.96	-0.72	-0.48	2.08	3.36	-0	-0	-0	0.24	4.26	0.24	-0.72	1.68	-1.2	-0.8	-0.72	-0.8	-1.12	1.68	2.88	-0	0.72	-0	-0	2.3	4.56	1.46	-0	-0	4.32	-0	-0	-0.72	0.48	-0	-0	-0	-0.24	-0.72	-0	1.68	11.4	-0.4	2.16	-0.8	-0	1.2	-0	-0	-0	19.42	-0	-0	-0	
55	0	-0	1.62	-0	-6.8	13.82	-0	-0	2.88	-2.56	-0	-0	-0	-0	0.68	10.04	-0	1.44	5.44	3.52	-0	-0	0.24	3.12	3.36	-0	-0	-0	-0	4.26	0.24	-0	2.4	-0	-0	-0	-0	-0	1.92	2.88	-0	0.72	-0	-0	-0	4.4	3.16	-0	-0	4.32	-0	-0	9	0.48	-0	-0	-0	-0	-0	-0	1.68	-0	-0	2.16	-0	-0	-2.08	-0	-0	-0	-0	-0	-0	-0	
56	246	-0	1.62	-0	-8.16	-0	-0	-0	2.88	-0	-0	-0	-0	0.24	0.72	5.76	-0	1.44	5.76	0.96	-0	-0	0.24	3.12	3.36	-0	-0	-0	-0	4.1	0.24	-0	-0.64	-3.12	-0	-0	-0	-0	1.92	6.04	-0	1.68	-0	-0	11.48	2.32	1.46	-0	-0	4.32	-0	-0	-0	0.48	-0	0.24	-0	-0	-0	-0	1.68	-0	-0	2.16	-0	-0	4.32	-0	13.86	-0	-0	-0	-0	-0	
57	326	-0	1.62	-0	-9.92	14.52	-0	-2.34	2.88	-0	-0	-0	-0	-0	0.96	10.74	-0	1.44	5.72	0.96	2.16	-0	0.24	3.12	3.36	-0	-3.88	-0	-0	4.26	0.24	-0	2.4	-0	-0	-0	-0	-0	1.92	2.88	-0	0.72	-0	-0	-0	3.68	2.02	-0	-0	4.32	-0	-0	-0	0.48	-0	0.72	-0	-0	-0	-0	1.68	7.74	-0	2.16	-0	-0	1.2	-0	-0	-0	-0	-0	-0	-0	
58	271	-0	1.62	-0	-8.68	-0	-0	-0	2.8	-0	10.6	-0	-0	-0	0.96	-5.98	-0	1.44	10.38	0.96	-0	-2.56	0.24	3.12	3.36	-0	-0	-0	-0	4.1	0.24	-0	2.4	-0	-0	-0	-0	-0	1.92	-7.78	-0	0.72	-0	-0	-0	2.08	1.22	-0	-0	4.32	-0	-0	-2.5	0.48	-0	-0	-0	-0	-0	-0	1.68	-0	-0	2.16	-0	-0	4.08	-0	66.34	-0	-0	-0	-0	-0	
59	317	-1.68	-0.06	-0	-9.6	-0	-1.68	-1.68	1.2	-1.68	-1.68	-1.68	-1.68	-1.68	-0.72	4.08	-1.68	-4.16334e-17	3.88	-0.72	-1.68	-1.68	-1.44	1.44	1.68	-1.68	-1.68	-1.68	-1	2.58	-1.44	-1.68	3.32	-1.68	-1.68	-1.68	-1.68	-1.68	0.24	1.2	-1.68	-0.96	-1.68	-1.68	-1.68	3.04	0.5	-1.68	-1.68	2.64	8.2	-1.68	-1.68	-1.2	-1.68	-1.68	-1.68	-1.68	-1.68	-1.68	-0	-1.68	-1.68	0.48	-1.68	-1.68	-0.48	-0	-0	-0	-0	-0	3.78	-0	
60	393	-0	1.8	-0	-7.76	-0	-0	9.2	2.88	-0	2.84	-0	-0	-0	0.96	5.76	-0	1.44	5.66	0.96	-0	-0	0.24	3.12	3.36	-0	-0	-0	1.12	4.62	0.24	-0	2.4	-0	-0	-0	-0	-0	1.92	2.88	-0	0.72	-0	-0	-0	5.28	2.26	-0	-0	4.32	-0	-0	-0	0.48	-0	-11.4	-0	-0	-7.74	-0	1.68	-0	-0	2.16	-0	-0	1.2	-0	-0	-0	-0	-0	43.56	-0	
61	415	-0	1.62	-0	-8.56	-0	-0	-0	2.78	-0	-3.08	-0	-0	-0	0.96	5.76	-0	1.36	5.82	0.96	-0	-0	0.24	3.12	3.36	14.12	-0	-0	-0	4.26	0.24	-0	2.4	-0	-0	-0	-3.58	-0	1.92	6.66	-0	1.68	-0	-0	-0	2.32	0.82	-0	-0	4.32	-0	3.62	-0	0.48	-0	0.4	-0	-0	-0	-0	1.68	-0	-0	2.16	-0	-0	1.2	15.06	-0	-0	-0	-0	-0	-0	
62	348	-2.16	-0.36	-0	-12	-0	-2.16	-2.16	-14.58	-2.16	-2.16	-1.92	-2.16	-2.16	-1.2	3.6	-2.16	-0.88	3.34	-1.2	-2.16	-2.16	-1.92	12.32	1.2	-2.16	-2.16	-2.16	-1.28	2.38	-1.92	-2.16	0.24	-13.24	-2.16	-2.16	-2.16	-2.16	-0.24	0.72	-2.16	-1.44	-2.16	-2.16	-2.16	1.36	-1.02	-2.16	-2.16	2.16	-2.16	-2.16	-2.16	-1.68	-2.16	-2.16	-2.16	-2.16	-2.16	-2.16	-0.48	-2.16	-2.16	-0	1.26	-1.92	-0.96	-0	-0	-0	67.5	-0	-0	-0	
63	367	-0	1.8	63.32	-8.64	-0	-0	-0	3.12	-0	-0	-0	-0	-0	0.96	5.76	-0	1.44	5.46	0.96	-0	-0	0.24	3.12	3.36	-0	-0	-0	11.14	4.62	0.24	3.22	7.18	-0	-0	-0	-0	-0	1.92	2.88	-0	0.72	-0	-0	-0	-10.26	1.06	-0	-0	4.32	-0	-6.92	-0	0.48	-2.56	0.8	-0	-0	-0	-0	1.68	-0	-0	-1.26	-0	-0	1.2	-0	-0	-0	-0	-0	-0	-0	
64	267	-0	1.86	-0	-8.8	-0	-0	-0	2.88	-0	-0	-0	-0	-0	0.96	5.76	2.94	1.44	5.42	0.96	-0	-0	0.24	3.12	3.36	-0	-0	-0.9	0.72	4.26	0.24	-0	2.4	-0	-0	-0	-0	-0	1.92	2.88	-0	0.72	-0	-0	-0	2.24	1.54	-0	-0	4.32	-0	-0	10.9	0.48	-0	-0	-0	-0	-0	-0	1.68	-0	-0	1.92	-0	-0	1.2	-0	-0	-0	2.5	-0	-0	-0	
65	299	-1.2	0.42	-0	-9.2	-0	-1.2	-1.2	1.68	-1.2	-1.2	-1.2	-1.2	-1.2	-0.24	4.56	10.84	0.24	4.54	-0.24	-1.2	-1.2	-0.96	1.92	2.16	-1.2	-1.2	-1.2	-1.2	3.06	-0.96	-1.2	1.2	-1.2	-1.2	-1.2	-1.2	-1.2	0.72	5.26	-1.2	0.48	-1.2	-1.2	-1.2	1.2	-0.56	-1.2	-1.2	3.12	-1.2	-1.2	-1.2	-0.72	-1.2	-1.2	2.08	-4.32	-1.2	-4.08	0.48	-1.2	-1.2	0.96	-1.2	-1.2	-0	15.12	-0	-0	-0	-0	-0	-0	
66	372	-0	-0	-0	-0	-0	-0	-0	-0	-45.82	-0	-0	-0	-0	-2.16	-0	-0	-0	-0	-0	-0	-0	-73.36	-0	-0	-0	-0	-0	-0	-51.66	-0	-63.98	-0	-0	-14.58	-0	-0	-0	-0	-0	-0	-0	-0	-0	-0	-0	-0	-0	-0	-0	-0	-0	-0	-0	-0	-0	-0	-0	-0	-0	-0	-0	-15.06	-0	-0	-0	-15.12	-0	-0	-0	-0	-0	-0	-0	
67	341	-0	-0	-0	-0	-0	-0	-0	-0	-0	-60.94	-0	-0	-0	-0	-154.82	-0	-0	-0	-0	-0	-0	-0	-0	-0	-0	-0	-0	-0	-0	-0	-0	-146.6	-12.06	-0	-0	-16.74	-0	-0	-0	-0	-0	-0	-0	-0	-0	-0	-0	-0	-23.54	-0	-0	-0	-0	-0	-0	-0	-13.86	-0	-66.34	-0	-0	-0	-0	-0	-0	-0	-0	-0	-0	-0	-0	-0	-0	
68	389	-3.58	-0	-0	-0	-0	-0	-0	-10.26	-0	-0	-0	-57.2	-0	-0	-0	-0	-0	-142.54	-0	-0	-0	-0	-0	-7.56	-0	-0	-0	-0	-0	-0	-0	-0	-0	-0	-0	-0	-0	-0	-140.46	-0	-0	-61.16	-0	-0	-0	-0	-0	-0	-0	-0	-0	-0	-1.08	-0	-0	-0	-0	-0	-0	-0	-0	-0	-0	-0	-0	-0	-0	-0	-0	-0	-0	-0	-0	
69	0	-0	-0	-0	-0	-0	-0	-0	-0	-0	-0	-0	-0	-0	-0	-0	-0	-0	-0	-0	-0	-0	-0	-0	-0	-66.54	-0	-0	-0	-0	-0	-0	-0	-0	-0	-0	-0	-15.64	-0	-0	-0	-0	-0	-0	-68.7	-0	-73.8	-0	-0	-0	-0	-0	-0	-0	-0.36	-19.42	-0	-0	-0	-0	-0	-0	-0	-67.5	-0	-2.5	-0	-0	-0	-0	-0	-0	-0	-0	
70	0	-0	-0	-0	-0	-0	-0	-40.24	-0	-0	-0	-0	-0	-7.9	-0	-0	-0	-52.7	-0	-0	-0	-0	-0	-73.04	-0	-0	-0	-0	-77.4	-0	-0	-0	-0	-0	-0	-0	-0	-0	-21.6	-0	-0	-0	-0	-0	-0	-0	-0	-0	-0	-0	-0	-0	-0	-0	-0	-0	-0	-0	-0	-0	-0	-0	-0	-0	-0	-0	-0	-0	-0	-0	-0	-0	-0	-0	
71	0	-0	-0	-0	-0	-0	-0	-0	-0	-0	-0	-40.02	-0	-0	-0	-0	-0	-0	-0	-0	-0	-0	-0	-0	-0	-0	-0	-0	-0	-0	-0	-0	-0	-0	-0	-0	-0	-0	-0	-0	-47.48	-3.78	-0	-0	-0	-14.04	-0	-62.64	-0.9	-0	-0	-0	-0	-0	-0	-0	-0	-0	-0	-0	-3.78	-43.56	-0	-0	-0	-0	-0	-0	-0	-0	-0	-0	-0	-0	
72	0	-0	-0	-0	-0	-0	-0	-0	-0	-0	-0	-0	-0	-0	-0	-0	-0	-0	-0	-0	-0	-0	-0	-0	-0	-0	-0	-0	-0	-0	-0	-0	-0	-0	-0	-0	-0	-0	-0	-0	-0	-0	-0	-0	-0	-0	-0	-0	-0	-0	-0	-0	-0	-0	-0	-0	-0	-0	-0	-0	-0	-0	-0	-0	-0	-0	-0	-0	-0	-0	-0	-0	-0	-0	
